0.5877850000000000 -0.8090170000000000
0.6035557009551270 -0.7973206582190110
0.6190937219658499 -0.7853169370149807
0.6343930731098381 -0.7730104641571205
0.6494478563114187 -0.7604059839067607
0.6642522676740258 -0.7475083552820222
0.6788005999289035 -0.7343225504701555
0.6930872443964043 -0.7208536525981410
0.7071066932128195 -0.7071068538831150
0.7208535378198044 -0.6930874501943891
0.7343224772894196 -0.6788008450693115
0.7475083234314546 -0.6642525504763263
0.7604059977464431 -0.6494481791181704
0.7730105245798283 -0.6343934352528543
0.7853170474988188 -0.6190941247066838
0.7973208260385008 -0.6035561482823408
0.8090172246348501 -0.5877854897523845
0.8204015701565946 -0.5717881540943107
0.8314693786256619 -0.5555702107349452
0.8422164430565912 -0.5391379668752657
0.8526387189926054 -0.5224978287610522
0.8627322651562749 -0.5056562735209193
0.8724932850047519 -0.4886198376089624
0.8819181313986674 -0.4713951494328391
0.8910032657400982 -0.4539888877344808
0.8997449318339806 -0.4364076421684223
0.9081396351344467 -0.4186581103929606
0.9161844167881234 -0.4007472674790781
0.9238764511062200 -0.3826821238651921
0.9312126385184910 -0.3644695647498848
0.9381900984646162 -0.3461165811238706
0.9448060772486072 -0.3276302098024827
0.9510573841722559 -0.3090173577467445
0.9569354428919880 -0.2902879085367430
0.9624348178800441 -0.2714437922994824
0.9675535369655127 -0.2524927436613825
0.9722907960196383 -0.2334427592463318
0.9766460287883334 -0.2143019674211203
0.9806190558172665 -0.1950782055521998
0.9842105889773780 -0.1757795541488905
0.9874215296790271 -0.1564139424560695
0.9902512642262319 -0.1369901839959522
0.9926996995511206 -0.1175146877305302
0.9947682437075504 -0.0979952102282730
0.9964585179693485 -0.0784393453839832
0.9977714465775169 -0.0588546811179164
0.9987082544489898 -0.0392484258161856
0.9992703226150064 -0.0196278628358814
0.9994580817988325 -0.0000001487872148
0.9992637217460482 0.0196258229051226
0.9986804850848727 0.0392440892835673
0.9977112540394755 0.0588470433665661
0.9963606019289327 0.0784274150810103
0.9946322785669613 0.0979777810751783
0.9925297497402330 0.1174914502504573
0.9900575383875148 0.1369617069530323
0.9872190936802483 0.1563819530040088
0.9840092710387477 0.1757450124851577
0.9804240726544629 0.1950420948139896
0.9764673941911399 0.2142664270964214
0.9721421764440151 0.2334112109188475
0.9674440749432834 0.2524684010048958
0.9623690786441721 0.2714287033297787
0.9569118501471109 0.2902826831520068
0.9510570000000000 0.3090170000000000
0.9448481358073030 0.3272224724714526
0.9380790797102366 0.3452271691372380
0.9307250591893443 0.3630014122482578
0.9227774548181484 0.3805182875618029
0.9142349160172226 0.3977538906482816
0.9051041126004400 0.4146852051833090
0.8954060168333308 0.4312977952145794
0.8851673415014228 0.4475827802161956
0.8744217345821817 0.4635144684023766
0.8631831033431694 0.4791022817319633
0.8514856686246720 0.4943482423519346
0.8393645584008934 0.5092595796884125
0.8268560866969145 0.5238424646815334
0.8139908764200712 0.5381116189530533
0.8008011543970253 0.5520808542468387
0.7873153001995447 0.5657644224329024
0.7736478562579356 0.5790704785051389
0.7597147379372370 0.5920980786661794
0.7455362100831024 0.6048578425096616
0.7311317212311849 0.6173619588865549
0.7165204975461725 0.6296214776481407
0.7017176190710321 0.6416488816360913
0.6867385807240131 0.6534559509875752
0.6715973371506081 0.6650542792948373
0.6563110110610506 0.6764477905237386
0.6408839513877981 0.6876500087539505
0.6253281753632550 0.6986726275052798
0.6096546568764308 0.7095271707985782
0.5938718033782631 0.7202211367746357
0.5779868668194650 0.7307628711369055
0.5620073098990891 0.7411605458062379
0.5459377278062135 0.7514185382638849
0.5299940731358843 0.7613653012400651
0.5139285031278998 0.7711139256696744
0.4977433985907213 0.7806627261347422
0.4814457673932352 0.7900181746302344
0.4650440896600950 0.7991887959065728
0.4485456740027810 0.8081842174005501
0.4319601890295810 0.8170179036348791
0.4152966423661894 0.8257034397081324
0.3985633082994935 0.8342461923489318
0.3817608698066372 0.8426522111666192
0.3648953622172294 0.8509308701420739
0.3479723646451436 0.8590913660740273
0.3309967134079174 0.8671411420189390
0.3139724093515793 0.8750875059099629
0.2969035134449989 0.8829375790573106
0.2797931298790667 0.8906968077635070
0.2626445971046770 0.8983592534002626
0.2454509022296090 0.9059198159450478
0.2282124149925575 0.9133776892881564
0.2109295087301169 0.9207320395754033
0.1936023573365683 0.9279816326649840
0.1762309285378339 0.9351244778172991
0.1588151255994837 0.9421584555283214
0.1413547516625071 0.9490810544916843
0.1238481718536948 0.9558880111336388
0.1062955137783066 0.9625752519560016
0.0886970386435305 0.9691409895515770
0.0710528593199404 0.9755828971293274
0.0533617509319203 0.9818952620962841
0.0356233178175382 0.9880733894921322
0.0178368577347436 0.9941119605381136
0.0000000000000000 1.0000000000000000
-0.0200459457325647 1.0062424457067012
-0.0402505904706716 1.0119503699985023
-0.0606105045114204 1.0170791941475418
-0.0811160603604323 1.0215906369568331
-0.1017601441058626 1.0254461949049037
-0.1225226564369572 1.0286023955449789
-0.1433838269140339 1.0310264245635258
-0.1643195034780035 1.0326882901312730
-0.1853318003519915 1.0335537557662903
-0.2063618796520594 1.0335913764900383
-0.2273768621377748 1.0327895379184944
-0.2483427271595852 1.0311448683903021
-0.2692252173930791 1.0286584912115203
-0.2899914465704167 1.0253382208036422
-0.3106099306971104 1.0211994602895598
-0.3310514600466979 1.0162603202707305
-0.3511874195800452 1.0105559426367853
-0.3710865257874741 1.0040734768509348
-0.3907257911955633 0.9968432202654258
-0.4100880425619226 0.9889008920118476
-0.4291554481603374 0.9802862183531932
-0.4479227542632320 0.9710359869971769
-0.4663841962238773 0.9611906212072734
-0.4845380502568713 0.9507890035180856
-0.5023549322235097 0.9398800020984507
-0.5198611234524526 0.9284790870631387
-0.5370605498000555 0.9166211673685774
-0.5539596077808646 0.9043389702715375
-0.5705605804116311 0.8916612909052573
-0.5868717592164464 0.8786128698360625
-0.6029002780881055 0.8652191025542860
-0.6186505926033652 0.8514992624718389
-0.6335441060297380 0.8379520592186513
-0.6481236644824079 0.8240675378552803
-0.6623849525047503 0.8098564326640099
-0.6763287652739017 0.7953336942076302
-0.6899560955594922 0.7805150861101731
-0.7032692935920923 0.7654136280744943
-0.7162734070861020 0.7500453996637858
-0.7289742828520174 0.7344256311947087
-0.7413696656602642 0.7185720321574898
-0.7534658992583141 0.7024890209301949
-0.7652678103370754 0.6861889316924616
-0.7767807202041986 0.6696834501587241
-0.7880089240490259 0.6529839214178539
-0.7989577315615327 0.6360998924021770
-0.8096322311563750 0.6190412007185202
-0.8200367697441237 0.6018165242241882
-0.8301529283589799 0.5844593448227089
-0.8399957289347950 0.5669457038899730
-0.8495689334271716 0.5492833199705959
-0.8588772735324811 0.5314799255062749
-0.8679248025615463 0.5135431057522479
-0.8767159010466528 0.4954792226745321
-0.8852552806522197 0.4772950431113254
-0.8935471077173893 0.4589966553584047
-0.9015888923491917 0.4405892829252636
-0.9093806956239552 0.4220747086205694
-0.9169278261551944 0.4034591077341712
-0.9242354554625243 0.3847481930177848
-0.9313036317075493 0.3659456233220362
-0.9381317454507385 0.3470545512162956
-0.9447186976265811 0.3280780215189278
-0.9510570000000000 0.3090170000000000
-0.9569628666801819 0.2902851288691518
-0.9625232445606494 0.2714478133721603
-0.9677233078410991 0.2525077711132263
-0.9725553541572242 0.2334705132411034
-0.9770125171284169 0.2143416412699592
-0.9810882955262914 0.1951278942358272
-0.9847827502451515 0.1758372154567009
-0.9880966125762286 0.1564775253796409
-0.9910241492699683 0.1370547568164341
-0.9935582893674257 0.1175767552834342
-0.9956991588279358 0.0980516320022777
-0.9974479881834911 0.0784874975446420
-0.9988056159022022 0.0588924958239851
-0.9997732781499412 0.0392743696334068
-1.0003530990800101 0.0196409731964501
-1.0005464488589596 -0.0000000314577071
-1.0003483916346172 -0.0196398082257738
-0.9997536194310774 -0.0392715759553875
-0.9987631241736720 -0.0588873475099046
-0.9973789995919078 -0.0784792788510486
-0.9956035254125596 -0.0980394658580510
-0.9934390827145001 -0.1175604395048048
-0.9908888995739416 -0.1370347526358149
-0.9879562839495184 -0.1564551561222106
-0.9846434287477145 -0.1758130987868281
-0.9809522674695428 -0.1951024814159654
-0.9768864559120286 -0.2143163633149375
-0.9724497503292436 -0.2334480052941443
-0.9676453094997054 -0.2524904878497939
-0.9624762209236405 -0.2714372373562276
-0.9569456591100677 -0.2902816361940988
-0.9510559682066519 -0.3090168976707031
-0.9448063156493251 -0.3276304186257805
-0.9381928610376806 -0.3461178072334808
-0.9312175030476712 -0.3644717127390559
-0.9238828661371994 -0.3826850201758702
-0.9161917251131450 -0.4007506773554897
-0.9081469072247825 -0.4186616383773475
-0.8997517944379557 -0.4364111054906391
-0.8910099051720425 -0.4539923703362601
-0.8819244832467275 -0.4713985733894959
-0.8724987734060632 -0.4886228815117710
-0.8627365062590642 -0.5056586935180013
-0.8526415636538330 -0.5224995036041605
-0.8422179340284987 -0.5391388639709468
-0.8314697140591438 -0.5555704231018475
-0.8204011479799362 -0.5717879190014539
-0.8090165639804104 -0.5877851554959636
-0.7973202544585145 -0.6035558653307723
-0.7853165611983847 -0.6190938926586682
-0.7730101038749474 -0.6343932408245970
-0.7604056309301921 -0.6494480144177407
-0.7475080045874094 -0.6642524116007037
-0.7343221937379644 -0.6788007219311724
-0.7208532867916394 -0.6930873410003645
-0.7071064807168781 -0.7071067654357639
-0.6930870738689470 -0.7208535892684822
-0.6788004670661371 -0.7343225090439325
-0.6642521679805261 -0.7475083320232146
-0.6494477852297303 -0.7604059746486440
-0.6343930262451533 -0.7730104645703686
-0.6190936948705409 -0.7853169422857978
-0.6035556893352547 -0.7973206633022678
-0.5877850000000000 -0.8090170000000000
-0.5717877129575858 -0.8204014403189597
-0.5555699909014768 -0.8314696003017277
-0.5391380861985549 -0.8422172131469567
-0.5224983336915215 -0.8526401355078646
-0.5056571483467798 -0.8627343492004484
-0.4886210227794379 -0.8724959627730731
-0.4713965247005875 -0.8819212128940672
-0.4539902944419263 -0.8910064658951725
-0.4364090424532457 -0.8997482192939406
-0.4186595466680064 -0.9081431030539537
-0.4007486498242716 -0.9161878807542322
-0.3826832568807965 -0.9238794509314875
-0.3644703323604121 -0.9312148483019164
-0.3461168976721372 -0.9381912448868693
-0.3276300283885875 -0.9448059510994958
-0.3090168515340456 -0.9510564168075815
-0.2902845428082556 -0.9569402324233964
-0.2714403239456129 -0.9624551296895326
-0.2524914597401488 -0.9675989824993294
-0.2334452553267001 -0.9723698077787856
-0.2143090533660215 -0.9767657662641342
-0.1950902312202942 -0.9807851632109023
-0.1757961981006380 -0.9844264490378125
-0.1564343922158540 -0.9876882199334444
-0.1370122778936675 -0.9905692184193787
-0.1175373427384490 -0.9930683338068861
-0.0980170947027328 -0.9951846026118465
-0.0784590592102683 -0.9969172089451577
-0.0588707762536145 -0.9982654848412781
-0.0392597974896754 -0.9992289105012669
-0.0196336833244943 -0.9998071144946988
0.0000000000000000 -0.9999998739204569
0.0196336834359035 -0.9998071145874077
0.0392597977214250 -0.9992289109265755
0.0588707766246581 -0.9982654858479741
0.0784590597471539 -0.9969172107506460
0.0980170954409921 -0.9951846053994190
0.1175373437138707 -0.9930683377250149
0.1370122791403571 -0.9905692235513509
0.1564343937611127 -0.9876882262974383
0.1757962000000606 -0.9844264566315965
0.1950902334972043 -0.9807851720232934
0.2143090560311166 -0.9767657762215015
0.2334452583727074 -0.9723698187440940
0.2524914631485788 -0.9675989942951069
0.2714403276750116 -0.9624551420959886
0.2902845467956852 -0.9569402451771988
0.3090168557014540 -0.9510564296335492
0.3276300327685934 -0.9448059639307448
0.3461169023151558 -0.9381912578599507
0.3644703372937868 -0.9312148614734552
0.3826832620850928 -0.9238794642379557
0.4007486552473253 -0.9161878940381055
0.4186595522050343 -0.9081431160787335
0.4364090479392087 -0.8997482317169302
0.4539902996599735 -0.8910064773051070
0.4713965295074626 -0.8819212230927921
0.4886210271188982 -0.8724959717094253
0.5056571520935144 -0.8627343567058077
0.5224983366554412 -0.8526401413236836
0.5391380882649052 -0.8422172171818066
0.5555699920577721 -0.8314696026076814
0.5717877133071137 -0.8204014411219952
0.5877850000000000 -0.8090170000000000
