0.5877850000000000 -0.8090170000000000
0.6035556948251967 -0.7973206609006074
0.6190937076720135 -0.7853169397954826
0.6343930483868163 -0.7730104643749527
0.6494478188129975 -0.7604059790225589
0.6642522150768207 -0.7475083430064291
0.6788005298284759 -0.7343225286050491
0.6930871544266278 -0.7208536191786455
0.7071065811127113 -0.7071068072231877
0.7208534051549068 -0.6930873923832770
0.7343223269097337 -0.6788007794024848
0.7475081538539201 -0.6642524760132074
0.7604058025975866 -0.6494480908320022
0.7730103008503743 -0.6343933311997218
0.7853167893312815 -0.6190940009836775
0.7973205236447995 -0.6035559983343349
0.8090168761138497 -0.5877853134183190
0.8204013376529457 -0.5717880260271131
0.8314695192787210 -0.5555703035017138
0.8422171539853039 -0.5391383980541804
0.8526400983377716 -0.5224986444668166
0.8627343340753304 -0.5056574576496839
0.8724959696557871 -0.4886213301751276
0.8819212417575282 -0.4713968297656190
0.8910065167316719 -0.4539905967672583
0.8997482920218344 -0.4364093415710029
0.9081431974733845 -0.4186598420862545
0.9161879966584767 -0.4007489410596129
0.9238795881201924 -0.3826835434636374
0.9312150065750870 -0.3644706138331147
0.9381914240481045 -0.3461171735867478
0.9448061509666387 -0.3276302983115804
0.9510566372025989 -0.3090171150411012
0.9569404734496360 -0.2902847983276503
0.9624553909848595 -0.2714405710148985
0.9675992636785744 -0.2524916979044273
0.9723701084388970 -0.2334454841410888
0.9767660859832121 -0.2143092723950543
0.9807855015456995 -0.1950904400399079
0.9844268055279611 -0.1757963962988415
0.9876885941003685 -0.1564345793933356
0.9905696097539722 -0.1370124536521858
0.9930687417686126 -0.1175375067029707
0.9951850266452508 -0.0980172465142392
0.9969176484795651 -0.0784591985264128
0.9982659392792893 -0.0588709027468475
0.9992293792193252 -0.0392599108517316
0.9998075968426941 -0.0196337832657805
1.0000003692063796 -0.0000000862513157
0.9998076219777962 0.0196336111526981
0.9992294294504611 0.0392597396208357
0.9982660145028508 0.0588707328872566
0.9969177485232753 0.0784590305188836
0.9951851512699911 0.0980170808332897
0.9930688906708151 0.1175373438033243
0.9905697825632066 0.1370122939706062
0.9876887903829682 0.1564344233443137
0.9844270247995476 0.1757962443083790
0.9807857432825276 0.1950902924756123
0.9767663496038145 0.2143091295951440
0.9723703933078845 0.2334453464108013
0.9675995691208086 0.2524915655201907
0.9624557162905167 0.2714404442164924
0.9569408178777968 0.2902846773205957
0.9510570000000000 0.3090170000000000
0.9448065302294836 0.3276301929594429
0.9381918190457115 0.3461170780527428
0.9312154165718150 0.3644705282192280
0.9238800123628798 0.3826834678387123
0.9161884343767690 0.4007488754602627
0.9081436478833760 0.4186597865126050
0.8997487543167630 0.4364092959833272
0.8910069900842708 0.4539905610842675
0.8819217253294129 0.4713968038843757
0.8724964626149695 0.4886213139455038
0.8627348355785041 0.5056574508808098
0.8526406075322407 0.5224986469258531
0.8422176700140348 0.5391384094699237
0.8314700412846393 0.5555703235619140
0.8204018647799907 0.5717880543799984
0.8090174075140872 0.5877853496759763
0.7973210584972219 0.6035560421082024
0.7853173268634717 0.6190940518578808
0.7730108403027965 0.6343933887272009
0.7604063432223033 0.6494481545326479
0.7475086949188287 0.6642525453773316
0.7343228677021982 0.6788008538926003
0.7208539449813520 0.6930874714340109
0.7071071193032092 0.7071068902454103
0.6930876903615233 0.7208537055716872
0.6788010629228617 0.7343226177732951
0.6642527447736265 0.7475084343383143
0.6494483445859455 0.7604060718948861
0.6343935697569921 0.7730105581690321
0.6190942242045817 0.7853170339055525
0.6035562061338570 0.7973207547375078
0.5877855057612193 0.8090170930163953
0.5717882037597347 0.8204015390660191
0.5555704666694301 0.8314697045352038
0.5391385467488526 0.8422173224526293
0.5224987788271221 0.8526402494257108
0.5056575778634192 0.8627344672359192
0.4886214364687767 0.8724960843909556
0.4713969224083717 0.8819213376222590
0.4539906760669738 0.8910065933365388
0.4364094079024134 0.8997483490086274
0.4186598958188621 0.9081432345528468
0.4007489825943043 0.9161880136025822
0.3826835732282667 0.9238795847641969
0.3644706322817886 0.9312149828112788
0.3461171811876378 0.9381913798300592
0.3276302955483899 0.9448060863075522
0.3090171024064068 0.9510565521686901
0.2902847775842585 0.9569403677302349
0.2714405426557141 0.9624552647159070
0.2524916624248675 0.9675991170462010
0.2334454420372439 0.9723699416861259
0.2143092241650633 0.9767658994087620
0.1950903861728503 0.9807852955051724
0.1757963372771309 0.9844265804371178
0.1564345156884656 0.9876883504343310
0.1370123857511992 0.9905693480337982
0.1175374350449489 0.9930684625684518
0.0980171715191991 0.9951847305926749
0.0784591205915954 0.9969173362541926
0.0588708222475562 0.9982656116082284
0.0392598281319995 0.9992290368751734
0.0196336986396773 0.9998072406409599
0.0000000000000000 1.0000000000000000
-0.0196336986396773 0.9998072406409599
-0.0392598281319995 0.9992290368751734
-0.0588708222475562 0.9982656116082284
-0.0784591205915954 0.9969173362541926
-0.0980171715191991 0.9951847305926749
-0.1175374350449489 0.9930684625684518
-0.1370123857511992 0.9905693480337982
-0.1564345156884656 0.9876883504343310
-0.1757963372771309 0.9844265804371178
-0.1950903861728503 0.9807852955051724
-0.2143092241650633 0.9767658994087620
-0.2334454420372439 0.9723699416861259
-0.2524916624248675 0.9675991170462010
-0.2714405426557141 0.9624552647159070
-0.2902847775842585 0.9569403677302349
-0.3090171024064068 0.9510565521686901
-0.3276302955483899 0.9448060863075522
-0.3461171811876377 0.9381913798300592
-0.3644706322817886 0.9312149828112788
-0.3826835732282667 0.9238795847641969
-0.4007489825943043 0.9161880136025822
-0.4186598958188621 0.9081432345528468
-0.4364094079024134 0.8997483490086273
-0.4539906760669738 0.8910065933365388
-0.4713969224083718 0.8819213376222590
-0.4886214364687767 0.8724960843909556
-0.5056575778634192 0.8627344672359192
-0.5224987788271221 0.8526402494257108
-0.5391385467488526 0.8422173224526293
-0.5555704666694301 0.8314697045352038
-0.5717882037597347 0.8204015390660191
-0.5877855057612193 0.8090170930163953
-0.6035562061338570 0.7973207547375078
-0.6190942242045817 0.7853170339055525
-0.6343935697569921 0.7730105581690321
-0.6494483445859455 0.7604060718948861
-0.6642527447736264 0.7475084343383142
-0.6788010629228617 0.7343226177732951
-0.6930876903615233 0.7208537055716872
-0.7071071193032092 0.7071068902454103
-0.7208539449813520 0.6930874714340108
-0.7343228677021982 0.6788008538926003
-0.7475086949188286 0.6642525453773315
-0.7604063432223033 0.6494481545326479
-0.7730108403027965 0.6343933887272010
-0.7853173268634717 0.6190940518578808
-0.7973210584972219 0.6035560421082024
-0.8090174075140872 0.5877853496759763
-0.8204018647799907 0.5717880543799984
-0.8314700412846393 0.5555703235619140
-0.8422176700140349 0.5391384094699237
-0.8526406075322407 0.5224986469258531
-0.8627348355785040 0.5056574508808098
-0.8724964626149695 0.4886213139455038
-0.8819217253294129 0.4713968038843757
-0.8910069900842708 0.4539905610842675
-0.8997487543167630 0.4364092959833272
-0.9081436478833760 0.4186597865126050
-0.9161884343767690 0.4007488754602627
-0.9238800123628798 0.3826834678387123
-0.9312154165718150 0.3644705282192280
-0.9381918190457115 0.3461170780527428
-0.9448065302294836 0.3276301929594429
-0.9510570000000000 0.3090170000000000
-0.9569408178777968 0.2902846773205957
-0.9624557162905167 0.2714404442164924
-0.9675995691208086 0.2524915655201907
-0.9723703933078845 0.2334453464108013
-0.9767663496038144 0.2143091295951440
-0.9807857432825276 0.1950902924756123
-0.9844270247995476 0.1757962443083790
-0.9876887903829682 0.1564344233443137
-0.9905697825632067 0.1370122939706062
-0.9930688906708151 0.1175373438033243
-0.9951851512699912 0.0980170808332897
-0.9969177485232753 0.0784590305188836
-0.9982660145028508 0.0588707328872566
-0.9992294294504611 0.0392597396208357
-0.9998076219777962 0.0196336111526981
-1.0000003692063796 -0.0000000862513157
-0.9998075968426941 -0.0196337832657805
-0.9992293792193252 -0.0392599108517316
-0.9982659392792892 -0.0588709027468475
-0.9969176484795651 -0.0784591985264128
-0.9951850266452508 -0.0980172465142392
-0.9930687417686126 -0.1175375067029707
-0.9905696097539722 -0.1370124536521858
-0.9876885941003685 -0.1564345793933356
-0.9844268055279611 -0.1757963962988415
-0.9807855015456994 -0.1950904400399079
-0.9767660859832120 -0.2143092723950543
-0.9723701084388970 -0.2334454841410888
-0.9675992636785744 -0.2524916979044273
-0.9624553909848595 -0.2714405710148985
-0.9569404734496360 -0.2902847983276503
-0.9510566372025989 -0.3090171150411012
-0.9448061509666387 -0.3276302983115804
-0.9381914240481045 -0.3461171735867478
-0.9312150065750870 -0.3644706138331147
-0.9238795881201924 -0.3826835434636374
-0.9161879966584767 -0.4007489410596129
-0.9081431974733845 -0.4186598420862545
-0.8997482920218344 -0.4364093415710029
-0.8910065167316719 -0.4539905967672583
-0.8819212417575282 -0.4713968297656190
-0.8724959696557870 -0.4886213301751276
-0.8627343340753304 -0.5056574576496840
-0.8526400983377717 -0.5224986444668166
-0.8422171539853039 -0.5391383980541804
-0.8314695192787210 -0.5555703035017138
-0.8204013376529458 -0.5717880260271131
-0.8090168761138497 -0.5877853134183190
-0.7973205236447995 -0.6035559983343349
-0.7853167893312815 -0.6190940009836774
-0.7730103008503743 -0.6343933311997217
-0.7604058025975866 -0.6494480908320022
-0.7475081538539201 -0.6642524760132074
-0.7343223269097337 -0.6788007794024848
-0.7208534051549067 -0.6930873923832770
-0.7071065811127113 -0.7071068072231877
-0.6930871544266278 -0.7208536191786455
-0.6788005298284759 -0.7343225286050492
-0.6642522150768206 -0.7475083430064291
-0.6494478188129975 -0.7604059790225589
-0.6343930483868164 -0.7730104643749527
-0.6190937076720135 -0.7853169397954826
-0.6035556948251967 -0.7973206609006074
-0.5877850000000000 -0.8090170000000000
-0.5717877131227228 -0.8204014406983614
-0.5555699914477786 -0.8314696013911984
-0.5391380871748219 -0.8422172150532637
-0.5224983350918557 -0.8526401382556117
-0.5056571501169649 -0.8627343527464406
-0.4886210248296652 -0.8724959669951585
-0.4713965269716528 -0.8819212177125803
-0.4539902969072571 -0.8910064712859408
-0.4364090450451559 -0.8997482251633375
-0.4186595492840388 -0.9081431092076651
-0.4007486523864520 -0.9161878870303471
-0.3826832593396223 -0.9238794572182775
-0.3644703346912391 -0.9312148545249598
-0.3461168998657859 -0.9381912510161584
-0.3276300304579811 -0.9448059571617972
-0.3090168535030029 -0.9510564228674106
-0.2902845446921615 -0.9569402384489065
-0.2714403257074749 -0.9624551355503000
-0.2524914613501621 -0.9675989880706312
-0.2334452567652616 -0.9723698129566310
-0.2143090546244270 -0.9767657709646543
-0.1950902322951560 -0.9807851673694768
-0.1757961989970889 -0.9844264526199562
-0.1564343929450019 -0.9876882229343176
-0.1370122784818175 -0.9905692208379882
-0.1175373431984859 -0.9930683356516855
-0.0980170950508112 -0.9951846039224707
-0.0784590594633586 -0.9969172097924452
-0.0588707764285188 -0.9982654853123086
-0.0392597975989337 -0.9992289106991559
-0.0196336833770349 -0.9998071145372892
0.0000000000000000 -0.9999998739204569
0.0196336833770349 -0.9998071145372892
0.0392597975989337 -0.9992289106991559
0.0588707764285188 -0.9982654853123085
0.0784590594633586 -0.9969172097924452
0.0980170950508112 -0.9951846039224707
0.1175373431984859 -0.9930683356516855
0.1370122784818175 -0.9905692208379882
0.1564343929450019 -0.9876882229343176
0.1757961989970889 -0.9844264526199562
0.1950902322951560 -0.9807851673694768
0.2143090546244270 -0.9767657709646543
0.2334452567652616 -0.9723698129566310
0.2524914613501621 -0.9675989880706311
0.2714403257074749 -0.9624551355503000
0.2902845446921615 -0.9569402384489065
0.3090168535030029 -0.9510564228674106
0.3276300304579811 -0.9448059571617972
0.3461168998657859 -0.9381912510161584
0.3644703346912391 -0.9312148545249598
0.3826832593396224 -0.9238794572182775
0.4007486523864520 -0.9161878870303471
0.4186595492840388 -0.9081431092076651
0.4364090450451558 -0.8997482251633375
0.4539902969072571 -0.8910064712859408
0.4713965269716528 -0.8819212177125803
0.4886210248296652 -0.8724959669951585
0.5056571501169649 -0.8627343527464406
0.5224983350918557 -0.8526401382556117
0.5391380871748219 -0.8422172150532637
0.5555699914477786 -0.8314696013911984
0.5717877131227228 -0.8204014406983614
0.5877850000000000 -0.8090170000000000
