0.5877850000000000 -0.8090170000000000
0.6035556979143139 -0.7973206595492394
0.6190937148752454 -0.7853169383942622
0.6343930608457241 -0.7730104642651494
0.6494478377099299 -0.7604059814838570
0.6642522415826100 -0.7475083491925115
0.6788005651548136 -0.7343225396236360
0.6930871997659131 -0.7208536360199310
0.7071066376043681 -0.7071068307368602
0.7208534720093892 -0.6930874215159533
0.7343224026900288 -0.6788008124927300
0.7475082393073419 -0.6642525135350250
0.7604059009367682 -0.6494481353193059
0.7730104135921443 -0.6343933836324577
0.7853169194282688 -0.6190940633293322
0.7973206760309733 -0.6035560738973214
0.8090170517474685 -0.5877854022798907
0.8204014548027180 -0.5717880905596201
0.8314694483422035 -0.5555702567273912
0.8422167956116659 -0.5391381807100080
0.8526394030535526 -0.5224982333037266
0.8627332912014213 -0.5056568607757096
0.8724946164033614 -0.4886205778222276
0.8819196739105267 -0.4713959827617950
0.8910048779914645 -0.4539897352966759
0.8997465983032502 -0.4364084849847997
0.9081414020329148 -0.4186589693046819
0.9161861925734715 -0.4007480976552137
0.9238780074240567 -0.3826828281474131
0.9312138134545106 -0.3644700852589157
0.9381907562411442 -0.3461168751039865
0.9448061139275055 -0.3276302537473970
0.9510570136322426 -0.3090172373507532
0.9569379416378870 -0.2902863686847739
0.9624450485033066 -0.2714422043583150
0.9675762935041154 -0.2524922459650621
0.9723302867269412 -0.2334441450938028
0.9767058243385290 -0.2143056364893872
0.9807019654300524 -0.1950843280696060
0.9843182884171855 -0.1757879657715994
0.9875545395854308 -0.1564242350293270
0.9904097867303630 -0.1370012788287472
0.9928834370075323 -0.1175260453735472
0.9949757151406834 -0.0980061689290689
0.9966870267626537 -0.0784492106602924
0.9980175164371704 -0.0588627373141740
0.9989675429325491 -0.0392541272010049
0.9995376119979997 -0.0196308009047696
0.9997278400909227 -0.0000001176018235
0.9995345171990820 0.0196297460829533
0.9989545117482409 0.0392519915125778
0.9979892725979936 0.0588590470915320
0.9966410938162498 0.0784434982981863
0.9949119533975434 0.0979978637330588
0.9928037898858086 0.1175150044241522
0.9903191064913096 0.1369877787209161
0.9874599606466512 0.1564091039955357
0.9842242927427666 0.1757716465921778
0.9806107843383370 0.1950672460801991
0.9766221058749925 0.2142887869561347
0.9722605916666767 0.2334291731418906
0.9675250276536942 0.2524806931132923
0.9624143675939357 0.2714350365072313
0.9569270822992139 0.2902838593812447
0.9510570000000000 0.3090170000000000
0.9448371154451462 0.3274156351382589
0.9381703963650368 0.3456571152189265
0.9310511219048665 0.3637268717952195
0.9234801501166030 0.3816120767911662
0.9154602718288229 0.3993006529870677
0.9069959270496321 0.4167809002120931
0.8980966933291835 0.4340437266441457
0.8887735671398686 0.4510813572098217
0.8790366183131269 0.4678807640727819
0.8688919353701625 0.4844371420398551
0.8583528615477765 0.5007451723021072
0.8474336329814148 0.5168011486219633
0.8361487677816584 0.5326009927012380
0.8245119165161444 0.5481434168406819
0.8125378536929672 0.5634274114958276
0.8002402305418402 0.5784522954536083
0.7876591503864930 0.5931762353539231
0.7747711196745816 0.6076322599953029
0.7615884155963725 0.6218199509092524
0.7481236151024681 0.6357402026290578
0.7343896027903333 0.6493937034581832
0.7203976415029661 0.6627827362243546
0.7061596950349199 0.6759097502892449
0.6916870893160105 0.6887775901076358
0.6769935577501550 0.7013839305987605
0.6620841916003757 0.7137342541356875
0.6469695540774160 0.7258323658817122
0.6316596508297320 0.7376824054519546
0.6161634308194637 0.7492868194147339
0.6004886495382069 0.7606488830393992
0.5846432407826413 0.7717716760404457
0.5686334873346494 0.7826565874920652
0.5526143148036558 0.7931916738066493
0.5364299471758552 0.8034711765534593
0.5200857699200782 0.8134945859870354
0.5035881680808766 0.8232634139820679
0.4869437435214549 0.8327792608778493
0.4701582889110784 0.8420440719704311
0.4532384521779691 0.8510610367740904
0.4361905628650434 0.8598334936317638
0.4190217985454512 0.8683616817946486
0.4017348307323790 0.8766476461581415
0.3843352264160465 0.8846943162288742
0.3668283124405080 0.8925047638885960
0.3492191391648628 0.9000812048198324
0.3315121492614636 0.9074261315857801
0.3137119024500695 0.9145420149897001
0.2958223784103130 0.9214303756651950
0.2778522660106592 0.9280830594760082
0.2597957629026230 0.9344975615652062
0.2416570987874378 0.9406758346391898
0.2234406856190280 0.9466209574586109
0.2051507497152950 0.9523352233923572
0.1867908985905034 0.9578207003269294
0.1683650160464042 0.9630800435609159
0.1498765810280591 0.9681150817290185
0.1313273591979767 0.9729213967245711
0.1127193970835413 0.9774950211391700
0.0940562015208266 0.9818377070890468
0.0753409910798198 0.9859504541053639
0.0565756223143701 0.9898288694019647
0.0377624564544484 0.9934683694285208
0.0189035528749489 0.9968632540987484
0.0000000000000000 1.0000000000000000
-0.0200128107714885 1.0029377759778469
-0.0400904831754298 1.0053934212110661
-0.0602239760986335 1.0073416135250765
-0.0804012818981115 1.0087661559973845
-0.1006109209120296 1.0096519955502262
-0.1208372354670337 1.0099842910637230
-0.1410650695645738 1.0097576677478855
-0.1612787853254206 1.0089687916203562
-0.1814670734383347 1.0076071528712559
-0.2016077087618285 1.0056639993057568
-0.2216839871816515 1.0031414994898341
-0.2416797555308007 1.0000448547509692
-0.2615786482471215 0.9963797452896394
-0.2813659472194211 0.9921534279707422
-0.3010272911640070 0.9873756628669018
-0.3205489043884620 0.9820556908547986
-0.3398851014521666 0.9762018145064631
-0.3590488045434684 0.9698058103619639
-0.3780270450491729 0.9628791775372622
-0.3968086854086782 0.9554359362818145
-0.4153824379687278 0.9474912888121780
-0.4337404106911890 0.9390600050961520
-0.4518750546474515 0.9301588773584478
-0.4697801351398596 0.9208045479338593
-0.4874400947405239 0.9110151449021890
-0.5048571280827863 0.9007997871322384
-0.5220274805733091 0.8901753088111442
-0.5389485837777730 0.8791581943709615
-0.5556163084886227 0.8677632679854769
-0.5720289621087482 0.8560039229563922
-0.5881845556414045 0.8438939906828212
-0.6040800063822636 0.8314445606634265
-0.6194696489157255 0.8188460285282205
-0.6345772254819263 0.8059106027692461
-0.6493976809277337 0.7926472661068947
-0.6639281566753645 0.7790668657597932
-0.6781658986872033 0.7651807553174527
-0.6921093105040660 0.7509991253787632
-0.7057579752687784 0.7365337161938966
-0.7191120603786952 0.7217959238347192
-0.7321672425810601 0.7067989932353883
-0.7449254133777800 0.6915485903666173
-0.7573870907381559 0.6760550559768672
-0.7695532580009782 0.6603284102870354
-0.7814243212594631 0.6443785024632755
-0.7930015640413492 0.6282140614880160
-0.8042861926805478 0.6118440647831052
-0.8152790344854974 0.5952767154267729
-0.8259643442581576 0.5785374049306559
-0.8363520839335417 0.5616118259077812
-0.8464431651530594 0.5445077719050051
-0.8562392610936922 0.5272330768908897
-0.8657416085738184 0.5097954972928345
-0.8749517827778603 0.4922018484102755
-0.8838716283731731 0.4744592830050320
-0.8925026632222265 0.4565744427754412
-0.9008422013462973 0.4385536098786181
-0.9088892887188546 0.4204002989068841
-0.9166457427164422 0.4021209542135885
-0.9241132046436767 0.3837216598412951
-0.9312902767531705 0.3652072175697868
-0.9381753050878905 0.3465821988712729
-0.9447662357818357 0.3278510653280054
-0.9510570000000000 0.3090170000000000
-0.9569526138298693 0.2902850986108716
-0.9624915810885553 0.2714446571672595
-0.9676648472869691 0.2525004843790571
-0.9724674434060991 0.2334589656290877
-0.9768949464408610 0.2143265544564031
-0.9809430627647379 0.1951102932531447
-0.9846110296340763 0.1758178706238499
-0.9878985695438109 0.1564569916870921
-0.9908020968502142 0.1370343849877255
-0.9933174803230908 0.1175577074527430
-0.9954444812018233 0.0980348083181667
-0.9971835223119113 0.0784735338358025
-0.9985348584784147 0.0588817567982062
-0.9994990336758400 0.0392671142290830
-1.0000771368346792 0.0196373111402887
-1.0002698806991991 -0.0000000568699562
-1.0000745319970345 -0.0196367476410757
-0.9994881824433386 -0.0392656543797836
-0.9985114187593922 -0.0588790040275862
-0.9971454688053109 -0.0784690967385507
-0.9953917215364402 -0.0980282077274857
-0.9932516760235191 -0.1175488290639896
-0.9907273451708857 -0.1370234728850275
-0.9878208561775140 -0.1564447581139009
-0.9845338461844516 -0.1758046692618061
-0.9808679017229168 -0.1950964147907680
-0.9768255469507532 -0.2143128017123094
-0.9724094296444759 -0.2334467523331201
-0.9676219748684534 -0.2524911159607814
-0.9624656420453582 -0.2714389322210400
-0.9569430019227304 -0.2902832364222140
-0.9510562805787968 -0.3090169991667701
-0.9448062050525917 -0.3276303484375938
-0.9381921048546985 -0.3461174762224384
-0.9312162093542496 -0.3644711453240832
-0.9238811760617392 -0.3826842607666322
-0.9161898067415655 -0.4007497859649040
-0.9081449988892583 -0.4186607164077413
-0.8997499920714725 -0.4364101999242010
-0.8910081615980931 -0.4539914599628454
-0.8819228153918811 -0.4713976784342017
-0.8724973290439254 -0.4886220844983833
-0.8627353838938832 -0.5056580570726946
-0.8526408015622055 -0.5224990588901074
-0.8422175212521116 -0.5391386194003341
-0.8314695998070445 -0.5555703548840544
-0.8204012302627469 -0.5717879663756774
-0.8090167097228966 -0.5877852292334317
-0.7973203795950065 -0.6035559269977880
-0.7853166666777882 -0.6190939423999001
-0.7730101946998795 -0.6343932820719095
-0.7604057100358290 -0.6494480492005066
-0.7475080734027538 -0.6642524409073376
-0.7343222554096318 -0.6788007483133692
-0.7208533419060231 -0.6930873648598391
-0.7071065275940148 -0.7071067849471579
-0.6930871114769671 -0.7208536032275849
-0.6788004963649194 -0.7343225181704533
-0.6642521899677396 -0.7475083371480003
-0.6494478009105403 -0.7604059766908755
-0.6343930365835860 -0.7730104644790547
-0.6190937008478524 -0.7853169411229931
-0.6035556918986411 -0.7973206621808697
-0.5877850000000000 -0.8090170000000000
-0.5717877130346918 -0.8204014404961111
-0.5555699911565574 -0.8314696008104268
-0.5391380866543964 -0.8422172140370562
-0.5224983343453702 -0.8526401367908530
-0.5056571491733212 -0.8627343508561574
-0.4886210237367382 -0.8724959647444673
-0.4713965257610031 -0.8819212151439494
-0.4539902955930499 -0.8910064684122558
-0.4364090436634721 -0.8997482220345069
-0.4186595478894949 -0.9081431059272710
-0.4007486510206143 -0.9161878836847004
-0.3826832580288805 -0.9238794538669401
-0.3644703334487306 -0.9312148512076048
-0.3461168986964049 -0.9381912477487841
-0.3276300293548398 -0.9448059539301388
-0.3090168524534040 -0.9510564196370765
-0.2902845436878964 -0.9569402352368046
-0.2714403247682310 -0.9624551324258413
-0.2524914604918083 -0.9675989851002163
-0.2334452559982430 -0.9723698101956536
-0.2143090539533923 -0.9767657684578172
-0.1950902317219246 -0.9807851651512620
-0.1757961985189465 -0.9844264507088314
-0.1564343925560520 -0.9876882213329865
-0.1370122781680481 -0.9905692195469974
-0.1175373429530247 -0.9930683346664910
-0.0980170948650579 -0.9951846032220235
-0.0784590593282839 -0.9969172093391759
-0.0588707763351700 -0.9982654850599314
-0.0392597975406253 -0.9992289105928141
-0.0196336833489999 -0.9998071145142474
0.0000000000000000 -0.9999998739204569
0.0196336834066771 -0.9998071145622433
0.0392597976606034 -0.9992289108129987
0.0588707765272614 -0.9982654855811035
0.0784590596062326 -0.9969172102738873
0.0980170952472589 -0.9951846046651655
0.1175373434580060 -0.9930683366949283
0.1370122788134663 -0.9905692222038484
0.1564343933560411 -0.9876882246276620
0.1757961995022883 -0.9844264546401761
0.1950902329006938 -0.9807851697134866
0.2143090553331270 -0.9767657736128023
0.2334452575751781 -0.9723698158724555
0.2524914622563717 -0.9675989912069568
0.2714403266989617 -0.9624551388487335
0.2902845457522111 -0.9569402418395200
0.3090168546108949 -0.9510564262771522
0.3276300316223936 -0.9448059605729487
0.3461169011001218 -0.9381912544650215
0.3644703360027665 -0.9312148580265846
0.3826832607231739 -0.9238794607557736
0.4007486538281597 -0.9161878905618363
0.4186595507560454 -0.9081431126702728
0.4364090465035859 -0.8997482284659585
0.4539902982944622 -0.8910064743192431
0.4713965282495494 -0.8819212204238865
0.4886210259833012 -0.8724959693708670
0.5056571511130266 -0.8627343547417238
0.5224983358798081 -0.8526401398017351
0.5391380877241575 -0.8422172161259206
0.5555699917551779 -0.8314696020042320
0.5717877132156444 -0.8204014409118471
0.5877850000000000 -0.8090170000000000
