0.0000000000000000 0.0000000000000000
-0.0146802696151978 0.0091466627395710
-0.0279419826592988 0.0202506585240749
-0.0391063728359206 0.0334922213165992
-0.0478058078352057 0.0484689507291721
-0.0541571075620339 0.0643488487399169
-0.0587061295149407 0.0808357092149629
-0.0619272597627389 0.0976125557838419
-0.0641970946110881 0.1145443634436933
-0.0657054090128335 0.1309045220408715
-0.0666948981328736 0.1473042388963741
-0.0672843614699311 0.1637218903193830
-0.0675600563092843 0.1801478069643900
-0.0675857261974804 0.1965713514001170
-0.0674091155678716 0.2129939662790263
-0.0670667534758140 0.2294137942321528
-0.0665870211132826 0.2458301829541797
-0.0660088350839033 0.2617394973021700
-0.0653323822277468 0.2776449364234624
-0.0645712691836696 0.2935465154699810
-0.0637369004180782 0.3094444190425137
-0.0628387470809581 0.3253386779741157
-0.0618845739353534 0.3412296722793816
-0.0608810419807659 0.3571176162057182
-0.0598338101960491 0.3730027395662518
-0.0587475565592014 0.3888847281071388
-0.0576262756529165 0.4047642821344291
-0.0564736932477430 0.4206415914198533
-0.0552930739140449 0.4365168405308006
-0.0540868436825718 0.4523901447791727
-0.0528575501551574 0.4682616795681012
-0.0516075902567927 0.4841315988389075
-0.0503385031833154 0.5000000000000000
-0.0490616630889420 0.5156527252723910
-0.0477519156474057 0.5313027313656466
-0.0464088299902403 0.5469499110144284
-0.0450340181513131 0.5625943350195262
-0.0436296493698606 0.5782361161690693
-0.0421978218765091 0.5938754076886299
-0.0407414540113661 0.6095124307527694
-0.0392634091576957 0.6251474197542874
-0.0377652584758704 0.6407804026863358
-0.0362479416797034 0.6564115370200700
-0.0347131762062090 0.6720409668382756
-0.0331625665547289 0.6876688326941622
-0.0315975214185081 0.7032952536440503
-0.0300193405673213 0.7189203534255704
-0.0284292405896423 0.7345442443110880
-0.0268282549854968 0.7501670234952438
-0.0252164705771534 0.7657884715239212
-0.0235936736736014 0.7814087793858510
-0.0219604353538127 0.7970279987599145
-0.0203173683450656 0.8126461872614377
-0.0186650412050439 0.8282633973348554
-0.0170039471341411 0.8438796773638035
-0.0153345923724854 0.8594950763676380
-0.0136574475876582 0.8751096406183605
-0.0119728842278164 0.8907233991264286
-0.0102812270491422 0.9063363906543655
-0.0085828317177355 0.9219486505617366
-0.0068780297668728 0.9375602121884729
-0.0051670886787159 0.9531711016920928
-0.0034502674843893 0.9687813456199783
-0.0017278273144245 0.9843909705020219
0.0000000000000000 1.0000000000000000
0.0154392281734285 1.1290177909497711
0.0331053278840020 1.2577495627435520
0.0529753921606829 1.3861594640170317
0.0750275963011534 1.5142126658199201
0.0992409206928570 1.6418737836616546
0.1255957394439677 1.7691100584235918
0.1540732031225338 1.8958880391283968
0.1846554635270701 2.0221748067554966
0.2173243349692375 2.1479328613932064
0.2520649470818279 2.2731344322204472
0.2888621704419667 2.3977470187404100
0.3277017604903099 2.5217382225053861
0.3685702426143836 2.6450753759461823
0.4114550618077912 2.7677260120340273
0.4563443953944521 2.8896572827461678
0.5032271776447727 3.0108360423362908
0.5520992619801816 3.1312436433558410
0.6029453373619757 3.2508310491678218
0.6557564619975898 3.3695638116684118
0.7105242961710209 3.4874067924362600
0.7672414232074413 3.6043248102326194
0.8259004383630271 3.7202807299852219
0.8864947997631257 3.8352372623366129
0.9490183824813503 3.9491560165776047
1.0134702495731933 4.0620057037387263
1.0798408149708810 4.1737377184559901
1.1481253573633025 4.2843105744577933
1.2183193296372022 4.3936812353799479
1.2904194889189336 4.5018068066783076
1.3644209772290128 4.6086400967378248
1.4403201261912854 4.7141339298474825
1.5181131066368802 4.8182390778025998
1.5988129134877339 4.9221896848313762
1.6814469267100977 5.0246094455525495
1.7660113055568183 5.1254416703725698
1.8525015357255314 5.2246269102888489
1.9409151964506438 5.3221060404609408
2.0312448820083158 5.4178123836622931
2.1234850138992953 5.5116794589061920
2.2176285902248803 5.6036373665745259
2.3136951382994394 5.6936385816912118
2.4116495577239012 5.7815813590902580
2.5114819456804828 5.8673872211947379
2.6131798724680193 5.9509736037203819
2.7167341300113206 6.0322585125175524
2.8221239924210388 6.1111489273647908
2.9293313693733522 6.1875524490990751
3.0383340467912980 6.2613720679149151
3.1495596932082812 6.3327902195121193
3.2625411439388606 6.4013969873215028
3.3772460843354683 6.4670836454002450
3.4936357589320891 6.5297366904039449
3.6116761274611296 6.5892439551073378
3.7313093284890648 6.6454804234064854
3.8524811315408899 6.6983233081874350
3.9751279956590718 6.7476459505414213
4.0992758677553403 6.7933535926864865
4.2247524292971860 6.8352763216068249
4.3514717648130047 6.8732828400016878
4.4793355721756382 6.9072406402955971
4.6082512186354501 6.9370214613440999
4.7380872821305915 6.9624917935084000
4.8687171943784722 6.9835254122784778
5.0000000000000000 7.0000000000000000
5.0155679368750486 7.0016487634893041
5.0311412940045690 7.0032455187321559
5.0467198935055735 7.0047902892883989
5.0623035618191277 7.0062830586534575
5.0778921261962700 7.0077238020846078
5.0934854122196478 7.0091125108257939
5.1090832490842417 7.0104491363953135
5.1246854656785914 7.0117336285558879
5.1402918894988957 7.0129659740842920
5.1559023437605083 7.0141461680117629
5.1715166560470470 7.0152741720822294
5.1871346537892725 7.0163499452406532
5.2027561642958078 7.0173734505727469
5.2183810138311097 7.0183446512058787
5.2340090289613384 7.0192635081553888
5.2496400355491222 7.0201299884246283
5.2652738723515089 7.0209440953456941
5.2809103482483115 7.0217058333395607
5.2965492886823268 7.0224151755819479
5.3121905189973423 7.0230720915188505
5.3278338645977993 7.0236765523761061
5.3434791499663576 7.0242285308536445
5.3591261998159571 7.0247279972693476
5.3747748384827917 7.0251749240766866
5.3904248917613426 7.0255692962560079
5.4060761814026539 7.0259110997098874
5.4217285312183302 7.0262003111772415
5.4373817647302956 7.0264369092436656
5.4530357053678121 7.0266208806333739
5.4686901761133361 7.0267522146832508
5.4843450000085548 7.0268309031184364
5.5000000000000000 7.0268569478490510
5.5156549980194550 7.0268303968617126
5.5313098187492456 7.0267513028531687
5.5469642859298159 7.0266196795329185
5.5626182234083966 7.0264355360489890
5.5782714549826991 7.0261988818723832
5.5939238047739544 7.0259097280547800
5.6095750967961717 7.0255680824481475
5.6252251551280281 7.0251739531613086
5.6408738031855422 7.0247273504073063
5.6565208660298872 7.0242282868913667
5.6721661680336333 7.0236767754315844
5.6878095336714031 7.0230728290749134
5.7034507873002743 7.0224164585624763
5.7190897535458937 7.0217076764375229
5.7347262570205492 7.0209464956049844
5.7503601222255707 7.0201329257407700
5.7659911684288521 7.0192669401685442
5.7816192214766059 7.0183485206799571
5.7972441065820681 7.0173776959363219
5.8128656497888258 7.0163545033439181
5.8284836767129556 7.0152789757917779
5.8440980138826729 7.0141511463416217
5.8597084880880748 7.0129710538047606
5.8753149259925502 7.0117387311007488
5.8909171493621803 7.0104541515043964
5.9065149810297076 7.0091173021910191
5.9221082490292570 7.0077282341094140
5.9376967815086703 7.0062869943030721
5.9532804008485842 7.0047935640860102
5.9688589298012746 7.0032479376063070
5.9844321912316544 7.0016501087343588
6.0000000000000000 7.0000000000000000
6.1296781958637553 6.9826100570872534
6.2583373891921873 6.9588265214151921
6.3857592999733380 6.9291648130404016
6.5117994664030007 6.8940929334612638
6.6362827946008711 6.8540587003936186
6.7591938047659806 6.8094299832181764
6.8804732506231659 6.7605545617941406
7.0000904456335246 6.7077413298853013
7.1177646018223568 6.6513980421794311
7.2337524591223330 6.5916603650968688
7.3480492728850689 6.5287530109177093
7.4606605640566256 6.4628758984520691
7.5715788523009422 6.3942196150506279
7.6808292479378407 6.3229391621148516
7.7884223095885064 6.2491833874835914
7.8943719504133762 6.1730857211862452
7.9980225308082475 6.0952808306588259
8.1000765481163605 6.0153932761997442
8.2005458434676169 5.9335229140529217
8.2994428968401152 5.8497601040435441
8.3967745170075350 5.7641918555577376
8.4925551022631558 5.6768909453595364
8.5867932648943733 5.5879279595827423
8.6794971424620845 5.4973672881058771
8.7706531969336210 5.4052892274100812
8.8602873510253874 5.3117290117809480
8.9484032432173673 5.2167379078883372
9.0350035017821086 5.1203630382798891
9.1200877966106858 5.0226498669306593
9.2036569663513291 4.9236377719600964
9.2857088735832752 4.8233649268028304
9.3662400217592367 4.7218666847993639
9.4445612523374611 4.6200788207044813
9.5213763583371177 4.5171496026634060
9.5966769779105007 4.4131073782108385
9.6704531308227323 4.3079786616836934
9.7426929168815813 4.2017886231931081
9.8133828601939132 4.0945606283458688
9.8825074625453238 3.9863169026089545
9.9500492199825993 3.8770785127730859
10.0159906613858752 3.7668618632201983
10.0803077934532455 3.6556895192868524
10.1429765645213613 3.5435796013000191
10.2039703727467857 3.4305496763404645
10.2632606571889954 3.3166154544918961
10.3208148529761905 3.2017944664942041
10.3765981424864539 3.0861025471724596
10.4305723559506130 2.9695556473172499
10.4827694906867975 2.8520003589329969
10.5330654042030197 2.7336191620082278
10.5814108250882938 2.6144277421058327
10.6277518733051418 2.4944428199318898
10.6720314255373807 2.3736776846437746
10.7141844152237762 2.2521539334362721
10.7541417922406319 2.1298900834134450
10.7918280091011628 2.0069071981845948
10.8271758564109579 1.8831737470425025
10.8600788544538341 1.7587678389803868
10.8904394200776732 1.6337161896317824
10.9181505100593289 1.5080508625051867
10.9430974877874422 1.3817962826723969
10.9651501174104848 1.2550041214271914
10.9841687884535382 1.1277198661917844
11.0000000000000000 1.0000000000000000
11.0017280228747952 0.9843909807850439
11.0034506745159955 0.9687813678740280
11.0051675658770506 0.9531711203254202
11.0068788813122004 0.9375602605170720
11.0085839120513336 0.9219487125128937
11.0102825490197522 0.9063364675315442
11.0119724606206209 0.8907232759369404
11.0136592777546200 0.8751097497194262
11.0153364404607652 0.8594951760713515
11.0170062677238655 0.8438798162655244
11.0186641752504840 0.8282631868303476
11.0203201595543258 0.8126463533399157
11.0219631577496708 0.7970281463263562
11.0235969436054724 0.7814089729434370
11.0252196749466013 0.7657886470144939
11.0268320322128978 0.7501672468474886
11.0284332666671425 0.7345444810903584
11.0300235283128264 0.7189205945835418
11.0316015245868146 0.7032954642184367
11.0331669506382186 0.6876690694824512
11.0347175822002540 0.6720411937255987
11.0362523219684955 0.6564117493094790
11.0377695710118177 0.6407805963280705
11.0392676190171472 0.6251475914869856
11.0407455311321912 0.6095125782539521
11.0422017434727155 0.5938755290234793
11.0436334061167502 0.5782362107433881
11.0450376181884479 0.5625944038576725
11.0464122977186019 0.5469499566900922
11.0477552901616354 0.5313027575066028
11.0490649951112223 0.5156527363309787
11.0503418409144883 0.5000000000000000
11.0516109596150027 0.4841315580065578
11.0528609565454287 0.4682615982949151
11.0540902922845115 0.4523900234229842
11.0552965712682787 0.4365166795317930
11.0564772470006499 0.4206413912835894
11.0576298934791718 0.4047640433235518
11.0587512470190642 0.3888844511071662
11.0598375828021614 0.3730024248735119
11.0608849070905901 0.3571172645363007
11.0618885427832973 0.3412292840950878
11.0628428319941363 0.3253382537042008
11.0637411149294647 0.3094439590501396
11.0645756282520492 0.2935460200943508
11.0653369023007385 0.2776444057942130
11.0660135342752760 0.2617389313534060
11.0665919194511498 0.2458295813162592
11.0670718859381570 0.2294129936598711
11.0674145081208693 0.2129929653971537
11.0675914069638443 0.1965701479579467
11.0675660550725600 0.1801463973776507
11.0672907084525511 0.1637202695410144
11.0667016226406031 0.1473023991135556
11.0657125333377425 0.1309024523710437
11.0642046241679410 0.1145420501528253
11.0619351446967227 0.0976096412725089
11.0587142567251756 0.0808321894923594
11.0541651957736887 0.0643447564009276
11.0478133206789583 0.0484644828432797
11.0391125056639391 0.0334877986882278
11.0279460668170689 0.0202471078571240
11.0146821717943105 0.0091447658047820
11.0000000000000000 0.0000000000000000
10.9200820667871090 -0.0345132303284248
10.8366477941973973 -0.0593479091898213
10.7518665243571768 -0.0785155251944561
10.6663172266844840 -0.0938966463086802
10.5805575133549124 -0.1065103860249668
10.4945226782633351 -0.1170859243453378
10.4083089230002824 -0.1260523807660556
10.3219691627483465 -0.1337110188264674
10.2358248532410834 -0.1403053453972086
10.1496215441071307 -0.1460774072264764
10.0633752894981361 -0.1511594456209200
9.9770964786240329 -0.1556550370695344
9.8907951087187951 -0.1596471770240529
9.8044746934618031 -0.1632037960362068
9.7181395487047922 -0.1663797963311852
9.6317927332023014 -0.1692208613896685
9.5456638354905902 -0.1717741351113123
9.4595283814890573 -0.1740957275996417
9.3733876882779586 -0.1762128220009747
9.2872427064902860 -0.1781475644629895
9.2010943701134448 -0.1799188877927644
9.1149431465806663 -0.1815437356752511
9.0287895385446133 -0.1830362200215062
8.9426339339081905 -0.1844086182458171
8.8564772318530162 -0.1856721084250567
8.7703191364427800 -0.1868367164010494
8.6841598709954214 -0.1879109443329624
8.5979996123495759 -0.1889023161900929
8.5118385385242544 -0.1898176522633404
8.4256767491603634 -0.1906629548553002
8.3395143513335234 -0.1914435639616917
8.2533514327083844 -0.1921643994805698
8.1673111562966145 -0.1928308323100695
8.0812705259522315 -0.1934498861617221
7.9952295929471118 -0.1940252095344635
7.9091883978116046 -0.1945598954500105
7.8231469811338981 -0.1950567201171135
7.7371053679691972 -0.1955182639097292
7.6510635842880861 -0.1959467601111257
7.5650216517180042 -0.1963442366855501
7.4789796145008218 -0.1967126594338755
7.3929374651196837 -0.1970538832290574
7.3068952183376320 -0.1973695295712786
7.2208528865600508 -0.1976610877875802
7.1348104824104410 -0.1979299326987831
7.0487680139404224 -0.1981773372600535
6.9627254897182817 -0.1984044757878250
6.8766829170138782 -0.1986124393324868
6.7906403795204679 -0.1988022418494591
6.7045978058003832 -0.1989748423249809
6.6185552010249691 -0.1991311508450363
6.5325125695922035 -0.1992720231872831
6.4464699160327699 -0.1993982548699347
6.3604272432129259 -0.1995105936597772
6.2743845542359320 -0.1996097431538738
6.1883418517277126 -0.1996963577943780
6.1022991410344692 -0.1997709716445510
6.0162564211460944 -0.1998340975383768
5.9302136939761389 -0.1998863062142138
5.8441709611359598 -0.1999281390099765
5.7581282242699119 -0.1999600412963119
5.6720854843979340 -0.1999824126836028
5.5860427426517277 -0.1999956364401898
5.5000000000000000 -0.2000000000000000
5.4139572548177135 -0.1999956375475866
5.3279145105403782 -0.1999824178661695
5.2418717681359849 -0.1999600539088993
5.1558290287354221 -0.1999281624965290
5.0697862933578771 -0.1998863441671711
4.9837435636464932 -0.1998341537789226
4.8977008412116104 -0.1997710499484519
4.8116581279656565 -0.1996964619181551
4.7256154228989743 -0.1996098771082373
4.6395727313541647 -0.1995107617909492
4.5535300559554256 -0.1993984616748002
4.4674873998040406 -0.1992722733101084
4.3814447657644040 -0.1991314490999978
4.2954021583644012 -0.1989751937130686
4.2093595819993111 -0.1988026515572762
4.1233170418373145 -0.1986129127655310
4.0372744664803940 -0.1984050186797685
3.9512319395742421 -0.1981779556789152
3.8651894683842735 -0.1979306329851729
3.7791470614734511 -0.1976618766199030
3.6931047268885893 -0.1973704139084884
3.6070624772457155 -0.1970548703792951
3.5210203249428922 -0.1967137570706696
3.4349782847346133 -0.1963454528642406
3.3489363491068476 -0.1959481033533138
3.2628945622775007 -0.1955197432015350
3.1768529458619551 -0.1950583448853959
3.0908115258166188 -0.1945616755909697
3.0047703271826577 -0.1940271555274530
2.9187293905267579 -0.1934520090743556
2.8326887563578100 -0.1928331438580574
2.7466484759206534 -0.1921669121820305
2.6604855294011857 -0.1914462922454808
2.5743231033844946 -0.1906659148189467
2.4881612854911981 -0.1898208608595838
2.4020001827428408 -0.1889057914311599
2.3158398947323384 -0.1879147050364616
2.2296805993971088 -0.1868407824921594
2.1435224734962608 -0.1856765008846446
2.0573657402519580 -0.1844133591356632
1.9712101037828358 -0.1830413327303109
1.8850564629679761 -0.1815492448640420
1.7989052055628769 -0.1799248192524560
1.7127568340412629 -0.1781539451120349
1.6266118156578369 -0.1762196800773708
1.5404710841190564 -0.1741030923827846
1.4543355897759738 -0.1717820368098182
1.3682066493517518 -0.1692293311666182
1.2818596997109121 -0.1663888683665182
1.1955244170679813 -0.1632135082040014
1.1092038596430894 -0.1596575642013284
1.0229023427579215 -0.1556661289690721
0.9366233793037628 -0.1511712653873955
0.8503769665830806 -0.1460899637671723
0.7641734937197115 -0.1403186320350208
0.6780290157627956 -0.1337250047177847
0.5916889102334455 -0.1260669899640574
0.5054748127619741 -0.1171010315675872
0.4194396522336549 -0.1065257573723265
0.3336796654462912 -0.0939118786005208
0.2481300239882965 -0.0785299221149666
0.1633487081256324 -0.0593603050215000
0.0799150441896606 -0.0345214516730195
0.0000000000000000 0.0000000000000000
