-2.0081000000000002 5.6374000000000004
-2.0134657826306147 5.6795346649862846
-2.0186612336989393 5.7216906717343395
-2.0236871440887717 5.7638672242778619
-2.0285455578921108 5.8060633991639657
-2.0332387387423358 5.8482782277516396
-2.0377689815304638 5.8905108525748758
-2.0421394808143739 5.9327603010863814
-2.0463535499346082 5.9750256389528519
-2.0504135984207839 6.0173056652576119
-2.0543219318336460 6.0595999857743811
-2.0580817008953598 6.1019077660111128
-2.0616961526736824 6.1442282087108199
-2.0651684033575422 6.1865605071929341
-2.0685015842691503 6.2289039827777378
-2.0716988844711099 6.2712579302093706
-2.0747633050371499 6.3136216991424743
-2.0776966224351739 6.3559922926398655
-2.0805007715188172 6.3983716306738111
-2.0831783746809974 6.4407591482305412
-2.0857321284515692 6.4831543076829541
-2.0881646721761229 6.5255565604517010
-2.0904785857845094 6.5679654523571668
-2.0926764826178093 6.6103805116629914
-2.0947609129037405 6.6528012985108274
-2.0967340804376384 6.6952271754866490
-2.0985981984915791 6.7376579837651316
-2.1003557297914610 6.7800933375293215
-2.1020090934719869 6.8225328775115353
-2.1035604236546113 6.8649762461228947
-2.1050118295831156 6.9074231492519330
-2.1063653870356669 6.9498732830334065
-2.1076228490953467 6.9923263720259737
-2.1087838734580199 7.0347719388759303
-2.1098485726377328 7.0772200311586416
-2.1108184864134697 7.1196703931226832
-2.1116954263695446 7.1621227775071198
-2.1124812071188786 7.2045769294357951
-2.1131776112485175 7.2470326415209466
-2.1137865978753598 7.2894896954952182
-2.1143101012769902 7.3319478895344655
-2.1147496941727998 7.3744069102196215
-2.1151068879829954 7.4168667040490610
-2.1153834834636902 7.4593270977091940
-2.1155812657433248 7.5017879316270915
-2.1157018506786769 7.5442490415988383
-2.1157468309123764 7.5867102989699760
-2.1157177857934360 7.6291715689373639
-2.1156161012098821 7.6716327270834602
-2.1154420793937457 7.7140930381865009
-2.1151959546023264 7.7565529925570198
-2.1148789778872929 7.7990124760166098
-2.1144925175819525 7.8414713838961757
-2.1140378328766429 7.8839296069205697
-2.1135161168765877 7.9263870591873474
-2.1129286314550903 7.9688436514018572
-2.1122765165105249 8.0112993001154115
-2.1115602540920094 8.0537538706291596
-2.1107802648357383 8.0962073181466356
-2.1099374636136578 8.1386595645016560
-2.1090326845184194 8.1811105351534104
-2.1080663530408125 8.2235601466381332
-2.1070387491111347 8.2660083190592427
-2.1059500609833133 8.3084549687869249
-2.1048000000000000 8.3508999999999993
-2.1034706244766637 8.3972719893069398
-2.1020622244755380 8.4436416457753878
-2.1005735605845210 8.4900087958620351
-2.0990034952612650 8.5363732609427282
-2.0973508384993882 8.5827348654794603
-2.0956142759496366 8.6290934029898662
-2.0937925660733515 8.6754486737913408
-2.0918844216620477 8.7218004670992269
-2.0898884619843809 8.7681486610850636
-2.0878032196278494 8.8144929239996698
-2.0856271846697936 8.8608330141271017
-2.0833587985904099 8.9071686754016756
-2.0809964793665844 8.9534996575001148
-2.0785385986712649 8.9998256683019173
-2.0759834791354782 9.0461464194193251
-2.0733294244461311 9.0924616071402978
-2.0705747922861180 9.1387720759351349
-2.0677180198609223 9.1850763561870209
-2.0647572596169629 9.2313741057593004
-2.0616905900860562 9.2776649607380965
-2.0585160464141495 9.3239485642165526
-2.0552316192843753 9.3702244998300547
-2.0518352248111148 9.4164923550040763
-2.0483247338112569 9.4627516932047267
-2.0446980277688438 9.5090022700289669
-2.0409529517645453 9.5552434125215032
-2.0370871967372743 9.6014746257691797
-2.0330984004901581 9.6476953856588874
-2.0289842051589327 9.6939051822340168
-2.0247421909347616 9.7401034204911219
-2.0203698829074865 9.7862895131266784
-2.0158648374074153 9.8324628473734909
-2.0112230488751639 9.8786435595978183
-2.0064444908164095 9.9248103199910210
-2.0015264200785379 9.9709624311981515
-1.9964659109202569 10.0170991414809297
-1.9912599607988036 10.0632197116292598
-1.9859055019540746 10.1093232763282524
-1.9803992871170591 10.1554089684743318
-1.9747379897668561 10.2014758669452204
-1.9689182700560952 10.2475234641669801
-1.9629368245627238 10.2935503330287553
-1.9567900882882802 10.3395554262404110
-1.9504744014437816 10.3855376300580067
-1.9439860364107136 10.4314958525895453
-1.9373211840946974 10.4774288128976558
-1.9304759262027818 10.5233352426134277
-1.9234462981827588 10.5692138016007808
-1.9162277747856606 10.6150683539343638
-1.9088172910960821 10.6608922754299565
-1.9012104821265955 10.7066840261197165
-1.8934028246569617 10.7524419594074893
-1.8853897110985700 10.7981644609161979
-1.8771664833567370 10.8438496407737784
-1.8687283223876510 10.8894956229637920
-1.8600703546182292 10.9351004236401999
-1.8511877295550713 10.9806629567033709
-1.8420758071188575 11.0261801876896865
-1.8327293932185523 11.0716498625046478
-1.8231432510181871 11.1170696011464379
-1.8133123013669413 11.1624371183187526
-1.8032314628465455 11.2077497642374286
-1.7928956236641879 11.2530049410189684
-1.7823000000000000 11.2981999999999996
-1.7729527084541311 11.3371228937008038
-1.7634093867600803 11.3759981882248513
-1.7536670237555205 11.4148240894849344
-1.7437222139190948 11.4535986301384052
-1.7335714387325803 11.4923198602090533
-1.7232111537872456 11.5309855606543148
-1.7126374321933935 11.5695934522216012
-1.7018462479991256 11.6081411269024560
-1.6908334641618131 11.6466270852507612
-1.6795954246404046 11.6850478721447085
-1.6681278629261032 11.7234007939255450
-1.6564263826061956 11.7616829952614281
-1.6444864266474355 11.7998916448504832
-1.6323034035830631 11.8380234871968647
-1.6198725257823801 11.8760752702947680
-1.6071889005482080 11.9140435540424497
-1.5942435048703156 11.9519365611981682
-1.5810351768181117 11.9897387215944458
-1.5675586341857365 12.0274461197833282
-1.5538084546175725 12.0650545981005959
-1.5397789640253058 12.1025600233916458
-1.5254644887442659 12.1399576079389067
-1.5108590968970378 12.1772425696126050
-1.4959567006346305 12.2144098189547128
-1.4807500532488854 12.2514562318084204
-1.4652335573118817 12.2883739400780122
-1.4494005838559842 12.3251570710419873
-1.4332443408958783 12.3617993633472202
-1.4167576167969185 12.3982945685921663
-1.3999333279264968 12.4346353911116217
-1.3827640153065570 12.4708145373381976
-1.3652419811339735 12.5068241782136631
-1.3472117633900421 12.5429464672573731
-1.3288055900441925 12.5788786436514274
-1.3100150712412859 12.6146114026782081
-1.2908317902496712 12.6501348512009108
-1.2712467873033832 12.6854391588694102
-1.2512515442069556 12.7205127491314996
-1.2308371132080635 12.7553441163808470
-1.2099944679185243 12.7899209478551433
-1.1887105485591107 12.8242361803045965
-1.1669794799607035 12.8582700025837549
-1.1447917313314219 12.8920080074383711
-1.1221378186236577 12.9254347841276556
-1.0990074904238506 12.9585350497014829
-1.0753917559795175 12.9912907629488454
-1.0512809544194303 13.0236839779520139
-1.0266656543618895 13.0556955092054333
-1.0014743527270989 13.0873818064590810
-0.9757571672764862 13.1186427962738695
-0.9495050459359717 13.1494561736553413
-0.9227095592229734 13.1797982235587941
-0.8953613319382868 13.2096455799536664
-0.8674540597381469 13.2389708996914749
-0.8389807358630615 13.2677472598751067
-0.8099354766750177 13.2959462314275050
-0.7802993062218086 13.3235509968423859
-0.7500814712788636 13.3505177935394947
-0.7192789719132660 13.3768152156258302
-0.6878906337914997 13.4024105395250934
-0.6559145005323037 13.4272720066776541
-0.6233545463618956 13.4513638109191100
-0.5902143366187994 13.4746515183809706
-0.5565000000000000 13.4970999999999997
-0.5391172648660676 13.5081954030446151
-0.5215890535188045 13.5190595300884500
-0.5039166216733691 13.5296874922037760
-0.4861013764638086 13.5400742849801628
-0.4681446598735529 13.5502149905223134
-0.4500483447540298 13.5601044272449124
-0.4318142280777265 13.5697374757221367
-0.4134443223475961 13.5791089856002578
-0.3949391698176075 13.5882147146444161
-0.3763028029417322 13.5970487851247524
-0.3575377296089211 13.6056061246128944
-0.3386466904673276 13.6138816715103435
-0.3196323885211725 13.6218705244130317
-0.3004981490142085 13.6295676880263692
-0.2812472609215390 13.6369683483471588
-0.2618832600165259 13.6440677803308350
-0.2423977173589464 13.6508653877602812
-0.2228065103741778 13.6573521780532661
-0.2031137953242970 13.6635240212169854
-0.1833239645292277 13.6693769923578571
-0.1634414007048014 13.6749073699573892
-0.1434709714468563 13.6801115390437280
-0.1234175435996103 13.6849861781740137
-0.1032861591425646 13.6895281419472984
-0.0830809116842571 13.6937344345035722
-0.0628080804824300 13.6976018932276741
-0.0424731086231838 13.7011281203594383
-0.0220815674983556 13.7043109506809551
-0.0016389988104286 13.7071482521790355
0.0188487867699449 13.7096381389965958
0.0393759884272793 13.7117789872206472
0.0599367429827918 13.7135691299823475
0.0805419107132132 13.7150061896359879
0.1011689094066859 13.7160855424728286
0.1218115394318646 13.7168065812468441
0.1424635715117797 13.7171694066045680
0.1631187352734890 13.7171744582164832
0.1837709010837450 13.7168225166197548
0.2044139313208281 13.7161149652155826
0.2250417907387261 13.7150534840833402
0.2456475689289533 13.7136396057008246
0.2662262780629293 13.7118749875311917
0.2867721311059477 13.7097620857651850
0.3072795060445421 13.7073036300983058
0.3277427156427937 13.7045024474556334
0.3481565381672140 13.7013615206495686
0.3685157171067812 13.6978840787026341
0.3888151509408198 13.6940733365695178
0.4090396915423501 13.6899337751926782
0.4291942743629660 13.6854660238273377
0.4492741071279068 13.6806735815232803
0.4692746148574818 13.6755601797529400
0.4891911677118880 13.6701296718932344
0.5090196413982733 13.6643858818130689
0.5287558890371779 13.6583328542090364
0.5483959456069217 13.6519746475454708
0.5679345196577200 13.6453155669279914
0.5873691679224556 13.6383590104928990
0.6066962683460683 13.6311090726177345
0.6259123672360952 13.6235698449764663
0.6450139336612044 13.6157454140578321
0.6639978382451731 13.6076396799245095
0.6828608909972271 13.5992565958441030
0.7016000000000000 13.5906000000000002
0.7334098518532637 13.5751436685080221
0.7648319070010425 13.5589134710845019
0.7958513752879796 13.5419267189907627
0.8264548410799451 13.5242014533786925
0.8566290964390928 13.5057571467207878
0.8863641081501649 13.4866127686135655
0.9156499753962244 13.4667883771213943
0.9444782717061804 13.4463042893883741
0.9728335904015524 13.4251875851356978
1.0007184061949983 13.4034533645382920
1.0281276369945593 13.3811226005426938
1.0550575135789695 13.3582160359639722
1.0815042690578941 13.3347553200536377
1.1074670985186547 13.3107601631927436
1.1329449917882582 13.2862509223178702
1.1579380683866040 13.2612474814372816
1.1823939463456034 13.2358266243596254
1.2063703740532453 13.2099530692175828
1.2298695225537202 13.1836454500469463
1.2528942690164648 13.1569216431137839
1.2754472621060069 13.1297999442361759
1.2975330343315918 13.1022964405956548
1.3191557068703658 13.0744275298813649
1.3403199293348387 13.0462088864059174
1.3610264511445777 13.0176620824579205
1.3812852980026609 12.9887958533123721
1.4011017963144985 12.9596242946753363
1.4204815719137182 12.9301607963022482
1.4394301512376265 12.9004190830676778
1.4579540455563752 12.8704110257531881
1.4760593813328042 12.8401486840214140
1.4937526923419509 12.8096436146689027
1.5108656075729108 12.7792260142677363
1.5275907732568569 12.7485934969909662
1.5439349166729169 12.7177560728163693
1.5599046453389442 12.6867230980949182
1.5755062583184710 12.6555040164054364
1.5907465143395345 12.6241069467092066
1.6056317352964569 12.5925400653731488
1.6201682094860668 12.5608110767609039
1.6343608326714562 12.5289305497136844
1.6482172805452977 12.4969024774955432
1.6617436113752793 12.4647336414029686
1.6749458115669738 12.4324304286932169
1.6878296024582939 12.3999992706423233
1.7004008576339073 12.3674456898321741
1.7126651964086550 12.3347752791863493
1.7246281265642489 12.3019933018292560
1.7362887778992841 12.2691220345039672
1.7476585944480578 12.2361490413614712
1.7587427747272675 12.2030789637053199
1.7695464643081701 12.1699161927100397
1.7800745968660350 12.1366651487178972
1.7903321306732279 12.1033296345938032
1.8003238644191077 12.0699135127817916
1.8100544693294105 12.0364204199373953
1.8195278584157528 12.0028551831878991
1.8287486520314690 11.9692196783763561
1.8377211849297917 11.9355171176558947
1.8464496877095485 11.9017505338051162
1.8549380464003184 11.8679229311840244
1.8631901234554942 11.8340369140585328
1.8712096381486792 11.8000951205758073
1.8790000000000000 11.7660999999999998
1.8947398195970214 11.6939684097619847
1.9094806422788633 11.6216260544099906
1.9232560947411350 11.5490939271724713
1.9360985201150615 11.4763908001238008
1.9480384442551626 11.4035358650255910
1.9591055483866202 11.3305432451056346
1.9693279135187511 11.2574277086519466
1.9787323598699568 11.1842024752372794
1.9873430707841261 11.1108903264201338
1.9951855699903915 11.0374920245812327
2.0022829954921625 10.9640180534484434
2.0086574500459718 10.8904778317196740
2.0143299067941737 10.8168810514424583
2.0193205299335447 10.7432348939499334
2.0236484987297761 10.6695469112496095
2.0273320986951014 10.5958239080576624
2.0303867776679598 10.5221192764700697
2.0328314423861557 10.4483918908151748
2.0346819437387688 10.3746472631655404
2.0359534715512095 10.3008903809140418
2.0366605512854486 10.2271264219365954
2.0368170954295383 10.1533592402111972
2.0364364382035904 10.0795929220667170
2.0355313518691017 10.0058311744515509
2.0341140762544608 9.9320805637774558
2.0321962608137492 9.8583412714774536
2.0297891859732208 9.7846163647871788
2.0269036798645598 9.7109086329656493
2.0235500996472108 9.6372210022388858
2.0197383721653556 9.5635556497588894
2.0154780526513152 9.4899149072020475
2.0107782592434320 9.4163009056221306
2.0056580922893519 9.3428631957943833
2.0001165330961425 9.2694560813156748
1.9941615859258733 9.1960813667551900
1.9878010020833382 9.1227407020062570
1.9810422704543876 9.0494358331010227
1.9738925703385486 8.9761680636065217
1.9663588733193553 8.9029387997195722
1.9584479018301437 8.8297493318276796
1.9501662395190552 8.7566020455347844
1.9415199808083839 8.6834969593029918
1.9325151612204674 8.6104351870444886
1.9231576090276140 8.5374177537951449
1.9134529655639173 8.4644457570846843
1.9034066542768996 8.3915200137686693
1.8930239359517657 8.3186414169776701
1.8823098863294712 8.2458107925760139
1.8712703227913346 8.1730352106947743
1.8599090285439538 8.1003091612056814
1.8482306032446608 8.0276333725110405
1.8362395053346223 7.9550085182890102
1.8239400623705809 7.8824353271664505
1.8113364392168407 7.8099143436490174
1.7984326902222343 7.7374461681345858
1.7852327362240487 7.6650313601533997
1.7717404340952000 7.5926709915288925
1.7579593350735648 7.5203650687150138
1.7438930137133397 7.4481140978504954
1.7295449317606174 7.3759185527541906
1.7149184248919616 7.3037789555455487
1.7000167060542275 7.2316957053116349
1.6848429005454610 7.1596692448455313
1.6694000000000000 7.0876999999999999
1.6604784330262913 7.0467060852636164
1.6514698834621092 7.0057311973756682
1.6423745483571881 6.9647754863026223
1.6331925867684272 6.9238391091845609
1.6239241185710621 6.8829222319068390
1.6145692048735469 6.8420250322643479
1.6051278723408361 6.8011476963446067
1.5956001123073263 6.7602904186497768
1.5859859136666765 6.7194533866723111
1.5762852248191932 6.6786368136643436
1.5664979158270981 6.6378409242082139
1.5566238202526148 6.5970659533264404
1.5466627599765842 6.5563121376379271
1.5366145255729315 6.5155797279330584
1.5264788721677653 6.4748689827626481
1.5162555495955868 6.4341801646689146
1.5059443820087562 6.3935132967795848
1.4955452663330831 6.3528688295780592
1.4850578596401440 6.3122470538761082
1.4744817667691660 6.2716482777873248
1.4638165708106528 6.2310728126633769
1.4530618326685977 6.1905209892474807
1.4422170643997411 6.1499931490733708
1.4312817586658968 6.1094896440831759
1.4202554283450783 6.0690107734548833
1.4091375904575593 6.0285569404054341
1.3979276727191880 5.9881285254525692
1.3866250794525503 5.9477259218638022
1.3752292111209734 5.9073495205551454
1.3637394559790134 5.8669997358661765
1.3521551779940092 5.8266769858043268
1.3404757450447515 5.7863816943304082
1.3286993033518944 5.7461098283582776
1.3168265859458042 5.7058662406800195
1.3048569461431652 5.6656513731818015
1.2927897071235856 5.6254656843442504
1.2806241593155234 5.5853096380140656
1.2683595744282752 5.5451837290787446
1.2559951882805679 5.5050884592931858
1.2435302029336750 5.4650243501144195
1.2309637433884667 5.4249918574151066
1.2182949558964211 5.3849916299069625
1.2055229373353837 5.3450242427818092
1.1926467462132419 5.3050902948938101
1.1796653856726190 5.2651903960697107
1.1665778237167671 5.2253252061201977
1.1533829783098231 5.1854953951003872
1.1400797095916430 5.1457016665417454
1.1266663762269727 5.1059436541149691
1.1131420424554534 5.0662232631285246
1.0995054165411453 5.0265412813689800
1.0857551603109185 4.9868985305020848
1.0718898606477553 4.9472958472889577
1.0579080509032003 4.9077341480244459
1.0438081963360929 4.8682143633665505
1.0295886861834592 4.8287374738077320
1.0152477160782077 4.7893043024071081
1.0007835567596146 4.7499161503118770
0.9861943473220219 4.7105741410828616
0.9714781345269871 4.6712794620135382
0.9566328305934075 4.6320333320319711
0.9416562647970991 4.5928371046068825
0.9265461363257364 4.5536921665465640
0.9113000000000000 4.5145999999999997
0.9021461100444927 4.4913236365593146
0.8929419806543805 4.4680670934260268
0.8836868800976407 4.4448307865577623
0.8743800414922159 4.4216151539287751
0.8650206542891067 4.3984206459281861
0.8556078589497398 4.3752477606070547
0.8461407473260911 4.3520970113764619
0.8366183674943827 4.3289689402339501
0.8270397349881984 4.3058639954220126
0.8174038675788033 4.2827828616820994
0.8077096117166784 4.2597261888048789
0.7979557567398843 4.2366946653212019
0.7881410700273320 4.2136889802386217
0.7782642775346792 4.1907098899293539
0.7683240380412032 4.1677581717573925
0.7583190048199754 4.1448346240722079
0.7482475017507759 4.1219386018493329
0.7381089430109570 4.0990721934216300
0.7279017650636669 4.0762363298139432
0.7176242966466045 4.0534320146237691
0.7072748060778765 4.0306602634599313
0.6968515275191720 4.0079221925173999
0.6863525740347902 3.9852189599713874
0.6757760061803416 3.9625517809513641
0.6651198460893772 3.9399215723991796
0.6543822653090871 3.9173298826441753
0.6435610527231181 3.8947781268149255
0.6326539313198298 3.8722677950646656
0.6216586618666772 3.8498003341871207
0.6105729389428349 3.8273773661434553
0.5993943688030085 3.8050005341559043
0.5881206883712482 3.7826714685755301
0.5767288360381203 3.7603479431757119
0.5652394094415145 3.7380744799888312
0.5536495420638359 3.7158531056179220
0.5419560120098752 3.6936861062801362
0.5301554324557905 3.6715758046831411
0.5182443870651656 3.6495248157659783
0.5062190582841228 3.6275359275160530
0.4940754834715892 3.6056121201475260
0.4818092116627029 3.5837554920874109
0.4694167015655520 3.5619701918200357
0.4568935111883994 3.5402597292809350
0.4442350073158031 3.5186278832988750
0.4314362685862755 3.4970784949554202
0.4184923427358073 3.4756160012834045
0.4053979355714065 3.4542449555709171
0.3921475796649969 3.4329702484710342
0.3787251920096185 3.4117802411275354
0.3651354178514136 3.3906971924884564
0.3513719058731453 3.3697271071780726
0.3374280277466810 3.3488765195917474
0.3232966362079871 3.3281520702188093
0.3089707597305644 3.3075615798947551
0.2944428464134146 3.2871130713195400
0.2797051243432612 3.2668152557601214
0.2647466043286178 3.2466733795790281
0.2495619018037659 3.2267014666422376
0.2341422831683026 3.2069102574953984
0.2184788637658811 3.1873114337811826
0.2025619673701125 3.1679167428817516
0.1863828487171176 3.1487402534853471
0.1699319856654627 3.1297962108773277
0.1532000000000000 3.1111000000000000
0.1437877992019365 3.1008341134324192
0.1342857469276908 3.0906513361364648
0.1246924631531442 3.0805544441299278
0.1150065669695734 3.0705463605525520
0.1052266077640346 3.0606299921090017
0.0953513713745534 3.0508085018238104
0.0853795504159977 3.0410850666384660
0.0753099076835803 3.0314629722575861
0.0651403168854074 3.0219447899780281
0.0548705383692832 3.0125347942214442
0.0444995865896734 3.0032363959218408
0.0340265750760284 2.9940531023085386
0.0234504923477063 2.9849884448928077
0.0127706704680625 2.9760462446848076
0.0019863878647701 2.9672302733701178
-0.0089030284335598 2.9585444968262056
-0.0199086768320125 2.9499860471126833
-0.0310217504593335 2.9415675583692689
-0.0422424444625742 2.9332930213611629
-0.0535707083078260 2.9251663753823326
-0.0650065864930030 2.9171915412735346
-0.0765497046331122 2.9093727362156924
-0.0881996653590904 2.9017139954015555
-0.0999559445566285 2.8942194777249803
-0.1118196817556273 2.8868928377677202
-0.1237888384208002 2.8797397124287668
-0.1358625579820508 2.8727644777372712
-0.1480398155666093 2.8659716137783449
-0.1603197945353040 2.8593657303905567
-0.1727010972365628 2.8529517673235879
-0.1851824257946265 2.8467346230249554
-0.1977623908045776 2.8407195647415501
-0.2105651357901317 2.8348575796896743
-0.2234664991579658 2.8292159512754084
-0.2364643902140884 2.8238003252173803
-0.2495563073582858 2.8186161297159841
-0.2627398293848978 2.8136686183431803
-0.2760116931972555 2.8089632222114588
-0.2893686384571813 2.8045049633290307
-0.3028070862022830 2.8002987558755669
-0.3163255645764110 2.7963489254405447
-0.3299178358725766 2.7926610291528724
-0.3435796209047905 2.7892394959949840
-0.3573063339973895 2.7860885267646640
-0.3710934253425884 2.7832120459117742
-0.3849356488435976 2.7806138006566053
-0.3988278002921140 2.7782971642406526
-0.4127644410693870 2.7762652390457972
-0.4267498615269730 2.7745199723757712
-0.4407685178832390 2.7730655944709977
-0.4548144848299659 2.7719040851803414
-0.4688816952749582 2.7710369741164482
-0.4829640667241459 2.7704653938634929
-0.4970553436529808 2.7701900683591303
-0.5111492941568796 2.7702112555943763
-0.5252396826730533 2.7705288105794817
-0.5393199227792922 2.7711423326625620
-0.5533841987269372 2.7720510201029179
-0.5674263965526706 2.7732534842754607
-0.5814405253967509 2.7747479516069184
-0.5954205505018125 2.7765323643221110
-0.6093608550082718 2.7786043539319985
-0.6232558165514898 2.7809612001121218
-0.6371000000000000 2.7835999999999999
-0.6893314850019570 2.7962160565271175
-0.7404648346704206 2.8127288836468966
-0.7902689408693290 2.8328808515252270
-0.8385838797942384 2.8563801596070339
-0.8852439173994997 2.8828820144077088
-0.9302499798072216 2.9121046385840673
-0.9735792253209637 2.9437494593710215
-1.0152510638003024 2.9775470343902517
-1.0550414633309761 3.0130073198241356
-1.0932837631497295 3.0501318971609315
-1.1300360929123312 3.0887274185103208
-1.1653663520713898 3.1286288069443581
-1.1993283965805365 3.1696729861161406
-1.2320039025649440 3.2117485897337903
-1.2634573327301286 3.2547433813503481
-1.2937525650194016 3.2985619764424588
-1.3224313250672935 3.3423088235631087
-1.3501045452741925 3.3866985835789337
-1.3768220847739671 3.4316691362284179
-1.4026314198367044 3.4771670015205545
-1.4275741346415403 3.5231398504703254
-1.4516938356348083 3.5695497835276912
-1.4750286000025498 3.6163588350718525
-1.4976142806967338 3.6635338873997761
-1.5194741079168901 3.7110228050077945
-1.5406497382943309 3.7588207340402773
-1.5611699256706114 3.8069034379763995
-1.5810616886604544 3.8552495057888117
-1.6003496007720476 3.9038378340751540
-1.6190578401575733 3.9526522886801148
-1.6372083707138240 4.0016766937829186
-1.6548219065237081 4.0508965821557210
-1.6714725676992838 4.0989898925613413
-1.6876501218259141 4.1472444028773222
-1.7033704116871702 4.1956497225215308
-1.7186483734988379 4.2441964666560363
-1.7334978823171346 4.2928753264012969
-1.7479323987969251 4.3416788511944723
-1.7619644186888981 4.3905995622856889
-1.7756057856142542 4.4396306408413030
-1.7888668025241121 4.4887622893043873
-1.8017590629966653 4.5379919863387128
-1.8142926262760276 4.5873141844504123
-1.8264770559843131 4.6367237898701217
-1.8383213408081946 4.6862157252572230
-1.8498341746528636 4.7357858110773554
-1.8610237521904121 4.7854298360925326
-1.8718978693034275 4.8351439129942391
-1.8824605193811163 4.8849091102760274
-1.8927219830335408 4.9347372830387224
-1.9026891172764652 4.9846251422666748
-1.9123685396404679 5.0345696219022033
-1.9217665084485863 5.0845676556597327
-1.9308890878075043 5.1346166690683669
-1.9397420878006787 5.1847140535985341
-1.9483310411764851 5.2348573824225244
-1.9566605001337471 5.2850434251909155
-1.9647353165172418 5.3352710681342624
-1.9725606481836789 5.3855381708276562
-1.9801414702727011 5.4358427289246372
-1.9874818545030523 5.4861828367377585
-1.9945859161704711 5.5365568379994348
-2.0014576300316620 5.5869630517079136
-2.0081000000000002 5.6374000000000004
