1.5000000000000000 0.0000000000000000
1.5066091983503918 -0.0054912896689256
1.5133007386658827 -0.0108819346460160
1.5200751552900046 -0.0161680970569366
1.5269330211639697 -0.0213455394068345
1.5338750691580033 -0.0264100401068769
1.5409014687375078 -0.0313568478291699
1.5480126521287784 -0.0361810486190917
1.5552088438317847 -0.0408775012654353
1.5624924699796539 -0.0454427188654587
1.5698608142517819 -0.0498698990385357
1.5773136135412806 -0.0541534706190906
1.5848503074696753 -0.0582876509931174
1.5924704870230988 -0.0622667978445081
1.6001726962641029 -0.0660847447926906
1.6079556171703344 -0.0697354671648642
1.6158174860998495 -0.0732129157419779
1.6237821579260828 -0.0765221166411512
1.6318213837244347 -0.0796458414135657
1.6399324817939023 -0.0825780496394694
1.6481123043845022 -0.0853126902664788
1.6563578039882603 -0.0878440506583456
1.6646646062500004 -0.0901663523901275
1.6730284506357945 -0.0922741995973451
1.6814445720254092 -0.0941625357734601
1.6899106490605778 -0.0958274762736850
1.6984183921153812 -0.0972644158507523
1.7069620599415420 -0.0984697316920539
1.7155355585394577 -0.0994403850764321
1.7241327353421965 -0.1001741130016478
1.7327469437392421 -0.1006693092638116
1.7413715834716359 -0.1009251021182512
1.7500000000000000 -0.1009414945257295
1.7585972984653755 -0.1007212997053316
1.7671854272083313 -0.1002673488752919
1.7757581450212208 -0.0995817120114949
1.7843094450654472 -0.0986669135844940
1.7928332205714102 -0.0975260642701766
1.8013242488884210 -0.0961627139286454
1.8097772470664634 -0.0945808184603688
1.8181873379121217 -0.0927847273050214
1.8265466997227367 -0.0907801193925240
1.8348544909187573 -0.0885715025839899
1.8431068464534342 -0.0861641930556224
1.8513003682441821 -0.0835636716270195
1.8594315469536606 -0.0807757615552502
1.8674981213432980 -0.0778061003977784
1.8754976856911477 -0.0746605325917213
1.8834282783208962 -0.0713449139286551
1.8912633670184529 -0.0678765446969676
1.8990270055651818 -0.0642510631370029
1.9067181218673211 -0.0604742752743261
1.9143359933737284 -0.0565518486982686
1.9218797520927071 -0.0524895275427101
1.9293494395872497 -0.0482925622682601
1.9367449166520807 -0.0439662477478582
1.9440662843737763 -0.0395156687934304
1.9513115439661979 -0.0349470119901105
1.9584831849020750 -0.0302636395049295
1.9655816963316024 -0.0254702060374555
1.9726077291299225 -0.0205711518390248
1.9795617213853120 -0.0155707858909451
1.9864445888937266 -0.0104729625550161
1.9932570959863590 -0.0052815257596703
2.0000000000000000 0.0000000000000000
2.0115895671633415 0.0094168861703588
2.0229701051096638 0.0190853487281503
2.0341475596729662 0.0289876239121329
2.0451285045481079 0.0391073765762598
2.0559185789735373 0.0494285576765028
2.0665252655936660 0.0599381097294069
2.0769550718353331 0.0706230662619881
2.0872145538812969 0.0814716690517677
2.0973054012801675 0.0924683307360687
2.1072380703965338 0.1036080728179595
2.1170183664923043 0.1148817379967291
2.1266519857906238 0.1262809966348595
2.1361440004431696 0.1377977956972438
2.1454999090330470 0.1494254342049261
2.1547246620050414 0.1611573413549265
2.1638229872499288 0.1729875649584258
2.1727848071237077 0.1848920168653054
2.1816283122438678 0.1968846232476965
2.1903574313294606 0.2089607091311554
2.1989759918636347 0.2211159460516730
2.2074875063369648 0.2333461298860305
2.2158955469219030 0.2456476797385459
2.2242034293245995 0.2580170697622784
2.2324143297079584 0.2704510487903612
2.2405304562381585 0.2829457302541463
2.2485551748448788 0.2954993140459816
2.2564913049534422 0.3081090729712693
2.2643415634825684 0.3207724699199478
2.2721083131900537 0.3334871436957257
2.2797939169286864 0.3462510312467774
2.2874005958617492 0.3590621011607652
2.2949302662238577 0.3719185836100890
2.3023578072962375 0.3847748995831586
2.3097095652917503 0.3976747011768541
2.3169867668054660 0.4106167032293507
2.3241907013438067 0.4235996307176082
2.3313225777982235 0.4366222349626940
2.3383835428546557 0.4496834238655861
2.3453747485649224 0.4627820805244864
2.3522973012721299 0.4759171491412449
2.3591521163606723 0.4890874123487427
2.3659402344152597 0.5022921757366216
2.3726625140214596 0.5155305742873769
2.3793197734447282 0.5288017888611781
2.3859128594100955 0.5421049749904570
2.3924425659705613 0.5554393844626148
2.3989096341926334 0.5688042825609317
2.4053148750162192 0.5821989218826603
2.4116594813927002 0.5956208944702192
2.4179456096098611 0.6090703543200079
2.4241736158407050 0.6225468260917953
2.4303436212070249 0.6360499511673767
2.4364558277281144 0.6495793311185923
2.4425103971847455 0.6631346023853591
2.4485073195904051 0.6767154749926120
2.4544467157614796 0.6903216042084088
2.4603300537782906 0.7039519471073006
2.4661586589568396 0.7176057844958890
2.4719323739410206 0.7312829235259341
2.4776510762052953 0.7449831556837597
2.4833159340799585 0.7587057185110835
2.4889280452034843 0.7724499374422261
2.4944885207243195 0.7862151232949836
2.5000000000000000 0.8000000000000000
2.5100049412556602 0.8252924742136078
2.5199069099054437 0.8506254392637935
2.5297033996340711 0.8759993866115054
2.5393914191887037 0.9014149466509107
2.5489679036683392 0.9268728090381694
2.5584298024273198 0.9523734812683696
2.5677735413240554 0.9779176942602810
2.5769954146476347 1.0035061550649163
2.5860922006434160 1.0291400604310749
2.5950601659138701 1.0548193170145927
2.6038953107790058 1.0805445849228078
2.6125934469546073 1.1063165002728176
2.6211502929610365 1.1321357849058330
2.6295613370451317 1.1580029341487206
2.6378219104506913 1.1839185421890861
2.6459272034632102 1.2098831341995860
2.6538752279885983 1.2359061518609590
2.6616582543741197 1.2619789929478559
2.6692709428615958 1.2881020951300069
2.6767077052043671 1.3142758235515290
2.6839627936988806 1.3405006785087553
2.6910301439503982 1.3667767491246819
2.6979034896875945 1.3931042574351308
2.7045763155399771 1.4194833015914980
2.7110424118208564 1.4459157700241528
2.7172943424913582 1.4723997114122494
2.7233247783769186 1.4989349950132861
2.7291261089220618 1.5255213072183154
2.7346906195263678 1.5521585067940949
2.7400101554552621 1.5788457081649121
2.7450763642196498 1.6055821963426256
2.7498807552039253 1.6323669699760088
2.7544538333220760 1.6594311925618954
2.7587446066044102 1.6865416048105635
2.7627431963961419 1.7136967030669307
2.7664391803948113 1.7408946401930636
2.7698219090123571 1.7681338616228850
2.7728802998264609 1.7954114033492029
2.7756028753911136 1.8227245763508492
2.7779778691162508 1.8500701654271273
2.7799938999579969 1.8774501782896344
2.7816384639573068 1.9048550116946763
2.7828991311827922 1.9322802722090723
2.7837632967070570 1.9597208883479745
2.7842183722542458 1.9871721753437891
2.7842516294557623 2.0146272139603851
2.7838503777008249 2.0420794402552255
2.7830021791514673 2.0695214935810033
2.7816930613386026 2.0970021467083483
2.7799133626364396 2.1244563405279260
2.7776507103044832 2.1518750706418153
2.7748929098792419 2.1792484316602973
2.7716283418643942 2.2065670145755107
2.7678463274127745 2.2338187804541964
2.7635366881939990 2.2609922120058502
2.7586903958897857 2.2880750815619099
2.7532997608427748 2.3150613826520812
2.7473602507690283 2.3419322146604747
2.7408658720180210 2.3686744478860961
2.7338121903060266 2.3952746277268592
2.7261976314911872 2.4217201349488035
2.7180223152330833 2.4479977026111754
2.7092880104790767 2.4740947995581135
2.7000000000000002 2.5000000000000000
2.6874795096628270 2.5324995407895918
2.6741304956835562 2.5646676407583314
2.6599674129720924 2.5964856307174722
2.6450048767350218 2.6279355894819300
2.6292595963543135 2.6590000338250333
2.6127491873754032 2.6896646706557868
2.5954919076625976 2.7199151481823826
2.5775071195162472 2.7497388382458871
2.5588227747674122 2.7791161617073786
2.5394562444194677 2.8080483129363584
2.5194299960570788 2.8365275940126587
2.4987666744862567 2.8645480725195615
2.4774905180527076 2.8921040685711130
2.4556239416139209 2.9191939298816600
2.4331903009081849 2.9458158521135701
2.4102127937240669 2.9719698029095727
2.3867837976927730 2.9975850965456527
2.3628621521114810 3.0227409307751121
2.3384702231541760 3.0474407851567831
2.3136294156552533 3.0716891518550874
2.2883616739579999 3.0954901855635800
2.2626861721671175 3.1188507631219007
2.2366224161493293 3.1417771309747882
2.2101889462109111 3.1642762284610308
2.1834114398981512 3.1863493335249586
2.1562997369886281 3.2080106441233240
2.1288702382922429 3.2292679051863057
2.1011383967143947 3.2501291973163701
2.0731199131142456 3.2706022628201600
2.0448282016484764 3.2906960652654900
2.0162767984783719 3.3104189613462207
1.9874785255666165 3.3297796103563445
1.9588050162509167 3.3485560119423338
1.9299153801942893 3.3669981463500285
1.9008203489421294 3.3851143745874396
1.8715298732247218 3.4029128745624961
1.8420538892892758 3.4204013648494437
1.8124008968024343 3.4375880154264075
1.7825793677904310 3.4544804316004863
1.7525972227298877 3.4710861021494454
1.7224650513117488 3.4874107980779463
1.6921870653256618 3.5034634307640959
1.6617700623137855 3.5192509775279510
1.6312204006721584 3.5347802685171591
1.6005444094767407 3.5500577904767106
1.5697475327887487 3.5650901389063649
1.5388352142115487 3.5798835694521077
1.5078125519511839 3.5944441825370486
1.4766994095120459 3.6087709473573698
1.4454854120419594 3.6228766265183432
1.4141749633095675 3.6367668393304367
1.3827722069621105 3.6504470844149094
1.3512812574167027 3.6639226013641184
1.3197056867280854 3.6771986247148052
1.2880490693755415 3.6902801688351399
1.2563147579512701 3.7031720925552451
1.2245069483370024 3.7158784578350829
1.1926275356802403 3.7284040923396516
1.1606794476277843 3.7407534715531882
1.1286654426014433 3.7529309499186227
1.0965881606323435 3.7649404448847665
1.0644499589131327 3.7767859494380681
1.0322531916999669 3.7884713013308918
1.0000000000000000 3.7999999999999998
0.9849136790926332 3.8053240244395532
0.9698090442257528 3.8105958666499416
0.9546855643091090 3.8158134098486780
0.9395431498086836 3.8209757431309366
0.9243817184838515 3.8260819944234585
0.9092011775204173 3.8311311506041957
0.8940017718386467 3.8361232305433222
0.8787837571183328 3.8410582911478112
0.8635469737883113 3.8459353150308103
0.8482913339730520 3.8507530304674500
0.8330170245790111 3.8555112241026303
0.8177242653202459 3.8602097822206289
0.8024132396892445 3.8648484794640868
0.7870841301082330 3.8694270619350038
0.7717371388193703 3.8739453458075392
0.7563724232288727 3.8784029848234710
0.7409892134757947 3.8827990193401484
0.7255881002937607 3.8871319138153448
0.7101691593343222 3.8914009377592182
0.6947324876308577 3.8956053964001697
0.6792781725988880 3.8997445829601716
0.6638063221990770 3.9038177345276598
0.6483170458968555 3.9078241151585213
0.6328104617394200 3.9117629746246964
0.6172866025496576 3.9156336852650788
0.6017457140556650 3.9194354466755869
0.5861878861512712 3.9231672910773742
0.5706132211162531 3.9268282309551750
0.5550218577636819 3.9304174656623210
0.5394139579376316 3.9339340947293197
0.5237896738409179 3.9373772062929035
0.5081492322966024 3.9407461614830118
0.4924784007810036 3.9440457765885009
0.4767927252494334 3.9472740893603608
0.4610922477467730 3.9504296481499796
0.4453769365951536 3.9535104825327522
0.4296467328879544 3.9565145962961959
0.4139016842356467 3.9594399084351243
0.3981417359669031 3.9622838927977643
0.3823668759485935 3.9650439666901003
0.3665767508544908 3.9677181336636759
0.3507719642039994 3.9703042385382751
0.3349525927408361 3.9727996241588935
0.3191187616657691 3.9752015517954761
0.3032705744602197 3.9775073547440573
0.2874083240661599 3.9797143385174392
0.2715322689435045 3.9818197847274084
0.2556427521577434 3.9838211058699748
0.2397360096645678 3.9857169612904057
0.2238167891234112 3.9875050166255090
0.2078855654396135 3.9891828426533697
0.1919428758711438 3.9907479744581601
0.1759892358382909 3.9921980448770724
0.1600253653927632 3.9935307770017152
0.1440519546770243 3.9947439289467021
0.1280697679004996 3.9958353928149013
0.1120791495646631 3.9968033737686845
0.0960814460069128 3.9976461921166220
0.0800775619444060 3.9983622518198578
0.0640684572965905 3.9989501420817702
0.0480550887868573 3.9994086864761791
0.0320385198104987 3.9997369428023976
0.0160197995492674 3.9999341962538928
0.0000000000000000 4.0000000000000000
-0.0160198020719189 3.9999341977292325
-0.0320385249213504 3.9997369500793202
-0.0480550966402486 3.9994087048844158
-0.0640684681463265 3.9989501773029947
-0.0800775761407824 3.9983623097205020
-0.0960814639985318 3.9976462786392769
-0.1120791718729471 3.9968034944379171
-0.1280697950964196 3.9958355526162498
-0.1440519875123551 3.9947441327098941
-0.1600254045634421 3.9935310294397561
-0.1759892820556418 3.9921983500640462
-0.1919429298315431 3.9907483357376054
-0.2078856278383226 3.9891832626760149
-0.2238168605859339 3.9875054973274252
-0.2397360907513516 3.9857175038364322
-0.2556428433533410 3.9838217107458025
-0.2715323715889466 3.9818204521661484
-0.2874084386285335 3.9797150688738971
-0.3032707013429466 3.9775081479380063
-0.3191189011918415 3.9752024072787337
-0.3349527451589203 3.9728005409252733
-0.3507721296623877 3.9703052151579357
-0.3665769294048117 3.9677191682721585
-0.3823670675401930 3.9650450570068697
-0.3981419405230987 3.9622850362160965
-0.4139019015263124 3.9594411020450068
-0.4296469625697728 3.9565158367851072
-0.4453771782076315 3.9535117661984633
-0.4610925007354904 3.9504309710075354
-0.4767929889544562 3.9472754471446575
-0.4924786744389713 3.9440471647526735
-0.5081495150626328 3.9407475753131637
-0.5237899665826289 3.9373786412868130
-0.5394142600078345 3.9339355474474978
-0.5550221684804105 3.9304189326636898
-0.5706135397395844 3.9268297086967837
-0.5861882118826447 3.9231687759085162
-0.6017460460371296 3.9194369348527404
-0.6172869398484083 3.9156351728845757
-0.6328108033456942 3.9117644576233283
-0.6483173907564627 3.9078255894005386
-0.6638066691968953 3.9038191958353659
-0.6792785205511930 3.8997460270393629
-0.6947328352836058 3.8956068188395080
-0.7101695053674727 3.8914023340445348
-0.7255884433204540 3.8871332793398699
-0.7409895520430932 3.8828003494049427
-0.7563727558220269 3.8784042746554259
-0.7717374638819524 3.8739465905930986
-0.7870844460347156 3.8694282568549785
-0.8024135448348292 3.8648496197042508
-0.8177245580044492 3.8602108629848924
-0.8330173030855636 3.8555122406128147
-0.8482915965556263 3.8507539779780139
-0.8635472186736574 3.8459361888411392
-0.8787839825055763 3.8410590865963758
-0.8940019758657927 3.8361239429028327
-0.9092013582836687 3.8311317751069075
-0.9243818740664022 3.8260825263869637
-0.9395432782837725 3.8209761779633657
-0.9546856637092712 3.8158137429370677
-0.9698091125491907 3.8105960933741473
-0.9849137143051039 3.8053241401781926
-1.0000000000000000 3.7999999999999998
-1.0322530019186216 3.7884710746419920
-1.0644495696469537 3.7767854732801431
-1.0965875621125626 3.7649396971136807
-1.1286646249969762 3.7529299090466561
-1.1606784010657802 3.7407521168108012
-1.1926262502467458 3.7284024036710782
-1.2245054140841810 3.7158764159319108
-1.2563129649214250 3.7031696789175569
-1.2880470079387015 3.6902773667357196
-1.3197033474942395 3.6771954186559882
-1.3512786306625649 3.6639189758290271
-1.3827692826200731 3.6504430238927597
-1.4141717316907452 3.6367623300334752
-1.4454818633554498 3.6228716552029827
-1.4766955338305768 3.6087655012930468
-1.5078083403459202 3.5944382519618102
-1.5388306708620216 3.5798771729830293
-1.5697426723379630 3.5650833169465552
-1.6005392420831979 3.5500505729150852
-1.6312149290705725 3.5347726696217196
-1.6617642836299502 3.5192429990688413
-1.6921809695945109 3.5034550623319273
-1.7224586198369127 3.4874020134358382
-1.7525904294072783 3.4710768630513343
-1.7825722101393312 3.4544707414715412
-1.8123933811111461 3.4375778964874198
-1.8420459947301407 3.4203907914877204
-1.8715215521899693 3.4029017782182300
-1.9008115663359901 3.3851027118364865
-1.9299061034571126 3.3669858798164162
-1.9587952217159317 3.3485431215795144
-1.9874682668879682 3.3297661951611890
-2.0162675196300878 3.3104054535753396
-2.0448210990617848 3.2906841865040713
-2.0731161891011777 3.2705936470693669
-2.1011391591111397 3.2501252556588154
-2.1288765056835372 3.2292698215368661
-2.1563124107167425 3.2080193946634784
-2.1834312172031193 3.1863655656707493
-2.2102162993003156 3.1643002682030431
-2.2366578328377535 3.1418090213126705
-2.2627298811000709 3.1188904877229633
-2.2884136469921447 3.0955374248691085
-2.3136893411103423 3.0717432940403040
-2.3385375678113710 3.0475009734009313
-2.3629360898883634 3.0228061034756536
-2.3868632263039198 2.9976539872510660
-2.4102964117284534 2.9720410485582250
-2.4332777755032186 2.9458881424334036
-2.4557149025177488 2.9192668556302520
-2.4775842157113857 2.8921769329685693
-2.4988618467394672 2.8646198433687921
-2.5195249991651180 2.8365969869640272
-2.5395490603493861 2.8081139512596568
-2.5589109949490030 2.7791765376065202
-2.5775881079401396 2.7497924624859912
-2.5955635679830284 2.7199613707414724
-2.6128102609705970 2.6897031027901184
-2.6293087992346645 2.6590303492451957
-2.6450411056474154 2.6279576263227710
-2.6599906501195915 2.5964999597615366
-2.6741420870348908 2.5646752759667888
-2.6874823935250387 2.5325021004079537
-2.7000000000000002 2.5000000000000000
-2.7093058304808560 2.4740765625161373
-2.7180786139683332 2.4479679171701985
-2.7263153997217203 2.4216852704014940
-2.7340151816991856 2.3952403177977325
-2.7411781073678089 2.3686453099900373
-2.7478056586304840 2.3419118570015772
-2.7539008965423158 2.3150520995990867
-2.7594680266926272 2.2880779350186597
-2.7645107185220766 2.2610059747722624
-2.7690353800836128 2.2338426316381254
-2.7730488195954637 2.2065991463130746
-2.7765587195015294 2.1792862227782177
-2.7795732824328486 2.1519149960332669
-2.7821015210777426 2.1244945720295273
-2.7841529204435529 2.0970344475975017
-2.7857373113692072 2.0695434239975140
-2.7868626390637343 2.0420771319632715
-2.7875416416789702 2.0145961837267411
-2.7877847535466801 1.9871080079917011
-2.7876026442728057 1.9596193604288792
-2.7870061028932003 1.9321373085039488
-2.7860059308231732 1.9046669845988236
-2.7846129818747181 1.8772138505841703
-2.7828380555702411 1.8497827640104818
-2.7806921835484369 1.8223832868720865
-2.7781855611773727 1.7950144549920028
-2.7753286628962757 1.7676800311310332
-2.7721317848109512 1.7403832810294689
-2.7686050252728384 1.7131277120627808
-2.7647581546911184 1.6859154784303673
-2.7606007960440345 1.6587489989557023
-2.7561422309700651 1.6316303257682276
-2.7514307655888801 1.6047816372554258
-2.7464392452049418 1.5779836017835429
-2.7411759413412928 1.5512376590018821
-2.7356489530034029 1.5245449591992430
-2.7298662274819297 1.4979068200431760
-2.7238353323988331 1.4713237676102560
-2.7175637214941489 1.4447965073550034
-2.7110586045168316 1.4183255403703788
-2.7043274322879681 1.3919132866681192
-2.6973764108147197 1.3655580381265936
-2.6902120674774705 1.3392600030593430
-2.6828407039067838 1.3130192434864747
-2.6752684587771773 1.2868359531149717
-2.6675011615761695 1.2607098610770777
-2.6595445049495956 1.2346408346561405
-2.6514039584509659 1.2086286447077264
-2.6430879157812167 1.1826831527873722
-2.6345982011896675 1.1567939685045816
-2.6259397820088588 1.1309607332108851
-2.6171174774361268 1.1051830061878127
-2.6081359728122294 1.0794604472353296
-2.5989997153889308 1.0537924464431316
-2.5897130631019077 1.0281784877069517
-2.5802801976458125 1.0026180134913585
-2.5707052227119795 0.9771112816164746
-2.5609915927133926 0.9516570303375368
-2.5511431453604741 0.9262546473888643
-2.5411635838229101 0.9009034871343080
-2.5310562682719705 0.8756030722235045
-2.5208244833160990 0.8503527375936056
-2.5104714371644650 0.8251518871917373
-2.5000000000000000 0.8000000000000000
-2.4942478121731283 0.7863353776597210
-2.4884499696805355 0.7726900637780564
-2.4826053482206367 0.7590647191756202
-2.4767134941522743 0.7454597321788690
-2.4707739436523526 0.7318754908189566
-2.4647861254560576 0.7183124562501886
-2.4587499999777268 0.7047708511164219
-2.4526655201087787 0.6912509034422119
-2.4465320082943530 0.6777530500834363
-2.4403486917367375 0.6642779393669699
-2.4341152626020399 0.6508259359086403
-2.4278314321807298 0.6373974024423073
-2.4214968418418190 0.6239927294720670
-2.4151110949632279 0.6106123509645853
-2.4086737936844819 0.5972566975352014
-2.4021844530128023 0.5839262517839880
-2.3956418572806106 0.5706206554240417
-2.3890456078323286 0.5573415761402681
-2.3823948944258297 0.5440896883913896
-2.3756888612659072 0.5308657087716881
-2.3689266123268466 0.5176703622279960
-2.3621072179812584 0.5045044577060381
-2.3552296878534481 0.4913688250746629
-2.3482930032415691 0.4782643345511550
-2.3412961533660136 0.4651916057602327
-2.3342382380759805 0.4521517446420772
-2.3271180058573328 0.4391458015736972
-2.3199341692748801 0.4261748820264167
-2.3126855439030901 0.4132400154622379
-2.3053708912301615 0.4003423723020288
-2.2979889194571196 0.3874831359579103
-2.2905385426866455 0.3746634108208466
-2.2829981442669083 0.3618455114844549
-2.2753900377497435 0.3490676843237160
-2.2677124563018385 0.3363314720748522
-2.2599632377335787 0.3236387193821279
-2.2521400967187022 0.3109912999120932
-2.2442407534435866 0.2983913344196189
-2.2362625063249779 0.2858411684302485
-2.2282025478569027 0.2733433220982104
-2.2200576827087829 0.2608994690460515
-2.2118257024284570 0.2485130729709573
-2.2035034646933500 0.2361871188285411
-2.1950876741281417 0.2239248492342476
-2.1865747884840972 0.2117295686070434
-2.1779612810839674 0.1996051477205536
-2.1692433122537254 0.1875555904262802
-2.1604169248046598 0.1755852230086934
-2.1514655519284677 0.1636814418602430
-2.1423976749142132 0.1518661683359786
-2.1332084726533398 0.1401449568954955
-2.1238928604560832 0.1285239584352049
-2.1144452064881584 0.1170094720501054
-2.1048601964173474 0.1056090709978292
-2.0951318784737409 0.0943306282371246
-2.0852541267309129 0.0831828274842656
-2.0752164967318939 0.0721704022105522
-2.0650164818597184 0.0613082098437357
-2.0546469923340251 0.0506075393830532
-2.0441008847138394 0.0400808934122302
-2.0333700091588554 0.0297409058651418
-2.0224478330083134 0.0196031989850320
-2.0113268361842248 0.0096837450651238
-2.0000000000000000 0.0000000000000000
-1.9933306105981888 -0.0055054742514540
-1.9865903766278176 -0.0109239839867106
-1.9797782321842184 -0.0162518464466034
-1.9728930797965750 -0.0214850201405414
-1.9659336416672931 -0.0266194377570913
-1.9588991240518374 -0.0316504997974845
-1.9517884818901326 -0.0365734455436382
-1.9446008235024138 -0.0413832473766499
-1.9373330149580564 -0.0460763652196525
-1.9299868787606603 -0.0506459033905237
-1.9225618856718932 -0.0550862468586426
-1.9150577547747133 -0.0593914985308559
-1.9074739705803251 -0.0635557830271254
-1.8998110459097287 -0.0675725769682790
-1.8920693054336612 -0.0714354095576663
-1.8842494655829478 -0.0751375880949074
-1.8763214098827693 -0.0786857441794661
-1.8683169662172011 -0.0820580372257875
-1.8602378624963801 -0.0852475030667410
-1.8520863639769214 -0.0882471165701200
-1.8438645305234894 -0.0910500697359379
-1.8355760136496449 -0.0936492195618883
-1.8272243128200366 -0.0960378075753159
-1.8188135337837035 -0.0982092254179127
-1.8103437483576652 -0.1001580048304400
-1.8018243313367205 -0.1018768823668155
-1.7932607230789571 -0.1033603288098744
-1.7846589183297584 -0.1046032909165056
-1.7760248370965195 -0.1056012727377857
-1.7673656073417641 -0.1063503164695757
-1.7586882234663828 -0.1068472336136464
-1.7500000000000000 -0.1070894949745617
-1.7412755588405361 -0.1070741336449469
-1.7325554689552636 -0.1067981954124317
-1.7238475244744993 -0.1062617744310207
-1.7151594415181163 -0.1054659986508043
-1.7064990001071295 -0.1044129344685497
-1.6978732987304910 -0.1031054692238331
-1.6892893675474061 -0.1015474082724632
-1.6807537617873889 -0.0997432844425443
-1.6722764347084994 -0.0976991097978233
-1.6638592964642028 -0.0954197440621434
-1.6555075871283374 -0.0929114539874647
-1.6472258884899382 -0.0901808797635603
-1.6390189195997489 -0.0872351666338975
-1.6308896791740237 -0.0840812778743567
-1.6228413149586709 -0.0807265566567399
-1.6148763695391001 -0.0771783225249274
-1.6070295520327315 -0.0734594380661686
-1.5992696201362049 -0.0695625029169625
-1.5915979819589703 -0.0654946397320838
-1.5840155490460809 -0.0612628251880820
-1.5765234079654865 -0.0568741806979265
-1.5691214285253262 -0.0523351192530961
-1.5618097043435283 -0.0476521561943335
-1.5545879998950125 -0.0428315298471965
-1.5474587599685811 -0.0378812303580964
-1.5404185566790681 -0.0328051034287595
-1.5334667100809536 -0.0276086973606301
-1.5266023387984058 -0.0222972743833158
-1.5198247160109052 -0.0168761166723711
-1.5131325374524206 -0.0113498278889341
-1.5065247090184269 -0.0057230014066134
-1.5000000000000000 0.0000000000000000
-1.4939211220345668 0.0054808655628909
-1.4879128157346319 0.0110390037442675
-1.4819743453549666 0.0166716743211132
-1.4761051556664752 0.0223764986547743
-1.4703048450356847 0.0281512015976857
-1.4645729381049333 0.0339938072175897
-1.4589091943200006 0.0399025019666289
-1.4533134223517186 0.0458756086438680
-1.4477856528527613 0.0519109834324345
-1.4423252131421480 0.0580073415779855
-1.4369320260917538 0.0641632682312923
-1.4316060634629064 0.0703774473080130
-1.4263473201467526 0.0766485616850350
-1.4211557804136464 0.0829754228336983
-1.4160315077772382 0.0893568825217092
-1.4109745374595181 0.0957918066865808
-1.4059859325543780 0.1022769898217442
-1.4010639371467193 0.1088128708184562
-1.3962085991353870 0.1153984177134091
-1.3914200308881345 0.1220326734554887
-1.3866983743398272 0.1287146933730696
-1.3820437694502455 0.1354435925446283
-1.3774564253108745 0.1422185228371090
-1.3729365639640947 0.1490386592086840
-1.3684843615402542 0.1559030317134964
-1.3640999046507306 0.1628108717588061
-1.3597834786551315 0.1697614236034074
-1.3555353843963460 0.1767539481466928
-1.3513558760766396 0.1837876737293966
-1.3472452052515799 0.1908618500585025
-1.3432036374291444 0.1979757308841337
-1.3392313644083514 0.2051285357824174
-1.3353306499223421 0.2123144597953990
-1.3314985159361211 0.2195371896486718
-1.3277350921124367 0.2267959569568550
-1.3240405748933824 0.2340900370379299
-1.3204151827151440 0.2414187145847189
-1.3168591392159629 0.2487812914204995
-1.3133727267333585 0.2561770949073926
-1.3099562477030124 0.2636054629819299
-1.3066099803810750 0.2710657238306567
-1.3033342094788622 0.2785572071228444
-1.3001292732510287 0.2860792670657518
-1.2969955317073072 0.2936312645463079
-1.2939333604073192 0.3012125700031356
-1.2909431587709981 0.3088225489567424
-1.2880253465397139 0.3164605768968639
-1.2851803616778683 0.3241260292753591
-1.2824084294769134 0.3318188781233917
-1.2797102315142282 0.3395378974444927
-1.2770862626904841 0.3472824659223007
-1.2745370430753730 0.3550519596412873
-1.2720631116237195 0.3628457684981503
-1.2696650400630909 0.3706632518601346
-1.2673434208223348 0.3785037817649113
-1.2650988731420325 0.3863667221053689
-1.2629319978888460 0.3942515945270506
-1.2608435130413174 0.4021575917766525
-1.2588341174923590 0.4100840622387984
-1.2569045400713865 0.4180303403257973
-1.2550555323394520 0.4259957793763008
-1.2532878886662240 0.4339796684477082
-1.2516024273118222 0.4419813135922237
-1.2500000000000000 0.4500000000000000
-1.2484047529878334 0.4580363216383192
-1.2467457860310821 0.4660597315830216
-1.2450223167613211 0.4740695375775727
-1.2432335688421332 0.4820650187560733
-1.2413787630406256 0.4900454693586657
-1.2394571421325620 0.4980100954934831
-1.2374679487712184 0.5059581185259985
-1.2354104369262429 0.5138887304419854
-1.2332837937753677 0.5218013866496841
-1.2310873674634858 0.5296949568691013
-1.2288204463478414 0.5375685758032587
-1.2264823362469026 0.5454213490472003
-1.2240723479299137 0.5532524010524633
-1.2215898319178042 0.5610607640977357
-1.2190341468969433 0.5688454902984233
-1.2164046763797584 0.5766056045208289
-1.2137000300580874 0.5843423831202733
-1.2109204037449549 0.5920525408606500
-1.2080652487691896 0.5997350543711659
-1.2051340463075821 0.6073888753714222
-1.2021262934580702 0.6150129790805202
-1.1990415463639559 0.6226062570246088
-1.1958793791671716 0.6301676259151833
-1.1926394055008231 0.6376959837388482
-1.1893211746672767 0.6451904848861474
-1.1859244935579218 0.6526497583596780
-1.1824490800146883 0.6600726799877643
-1.1788946979535740 0.6674581138245021
-1.1752611556045878 0.6748049594108608
-1.1715483296506299 0.6821120582542658
-1.1677561293945844 0.6893782840613750
-1.1638845358306236 0.6966025199059020
-1.1599282509012572 0.7037936483844715
-1.1558928056934023 0.7109406548355689
-1.1517782739264449 0.7180424286836679
-1.1475847438398478 0.7250978428361930
-1.1433123374763753 0.7321058007267841
-1.1389612450279889 0.7390651774543750
-1.1345316665504862 0.7459748664000762
-1.1300238553603975 0.7528337733894741
-1.1254381012853267 0.7596409569529702
-1.1207748770085937 0.7663953057631108
-1.1160345906798916 0.7730957979099504
-1.1112177016308005 0.7797414347776017
-1.1063247323313156 0.7863312645718675
-1.1013562649165738 0.7928643600733695
-1.0963129270626917 0.7993398329284094
-1.0911954148138350 0.8057568473266761
-1.0860048730347138 0.8121143619310507
-1.0807419349885116 0.8184120757247599
-1.0754074405326930 0.8246492918309593
-1.0700022576545704 0.8308253499515279
-1.0645273126646224 0.8369396292999979
-1.0589835533122902 0.8429915849209119
-1.0533719669164509 0.8489806996346967
-1.0476935790785150 0.8549065167509115
-1.0419496319807147 0.8607685044027162
-1.0361411088079910 0.8665665114779250
-1.0302691593041733 0.8723002692434439
-1.0243349557658735 0.8779695723271628
-1.0183397148548576 0.8835742364883942
-1.0122846405774171 0.8891142048489529
-1.0061709862836361 0.8945894520543926
-1.0000000000000000 0.9000000000000000
-0.9872725875144104 0.9108056593516294
-0.9743219938147878 0.9213428043838045
-0.9611608261323119 0.9316155478644177
-0.9478008594906796 0.9416283838622357
-0.9342539790310153 0.9513853623456243
-0.9205300047947843 0.9608916303029779
-0.9066389293906706 0.9701518597602883
-0.8925900115748241 0.9791708249829954
-0.8783964444363569 0.9879504003830682
-0.8640619816036124 0.9964980004916605
-0.8495943939617241 1.0048181668986792
-0.8350008849344207 1.0129154352952569
-0.8202886735555338 1.0207939751563866
-0.8054637465505312 1.0284583142209640
-0.7905321641505161 1.0359126357603864
-0.7754995331994359 1.0431610196678628
-0.7603929772337975 1.0501971442556240
-0.7451957271660748 1.0570351756051108
-0.7299125026823080 1.0636787467903462
-0.7145477094390092 1.0701314297443721
-0.6991057709401018 1.0763965670905120
-0.6835904017135417 1.0824775808492159
-0.6680053676081503 1.0883776905819295
-0.6523541832894103 1.0941000163630349
-0.6366416673670790 1.0996469402473754
-0.6208694728316378 1.1050218263600648
-0.6050406362909082 1.1102274791371960
-0.5891580041686057 1.1152666143741980
-0.5732244142478944 1.1201417228516007
-0.5572422902656450 1.1248552866247819
-0.5412140869951062 1.1294096473993577
-0.5251420907080187 1.1338069690267289
-0.5090996119042722 1.1380303652804747
-0.4930176805911971 1.1421009533616180
-0.4768982856592431 1.1460205154257852
-0.4607433315353826 1.1497908359696022
-0.4445547372472497 1.1534136098383819
-0.4283341830044215 1.1568904899895448
-0.4120833808221679 1.1602230903165597
-0.3958039609158545 1.1634129624174888
-0.3794980172541027 1.1664614274822843
-0.3631665279886915 1.1693699316210572
-0.3468109636676761 1.1721398120116875
-0.3304327324201439 1.1747723512496918
-0.3140332505817070 1.1772687500493182
-0.2976137889295000 1.1796301671212695
-0.2811756337369904 1.1818576993194370
-0.2647200209481620 1.1839523719838528
-0.2482507327158346 1.1859147486837701
-0.2317663461646590 1.1877459715602320
-0.2152680093973382 1.1894468938120681
-0.1987568363723171 1.1910183319853790
-0.1822339472410819 1.1924610441608535
-0.1657003796509055 1.1937757404776574
-0.1491571817924705 1.1949630890540870
-0.1326053756039476 1.1960237039336979
-0.1160461279001172 1.1969581137317385
-0.0994802646728642 1.1977668050964954
-0.0829087621907254 1.1984502187026053
-0.0663325805593906 1.1990087446174461
-0.0497526823784839 1.1994427287820439
-0.0331699975263433 1.1997524529156586
-0.0165854608698470 1.1999381463035756
0.0000000000000000 1.2000000000000000
0.0165865243400391 1.1999383367736350
0.0331721319806859 1.1997533740024829
0.0497559051138770 1.1994450228860141
0.0663369194793782 1.1990130803490670
0.0829142555342084 1.1984572835601880
0.0994869622236854 1.1977773028767373
0.1160540883196445 1.1969727058002584
0.1326146649113191 1.1960430034359680
0.1491678805662810 1.1949877258719326
0.1657125762831982 1.1938063694940984
0.1822477373098601 1.1924982769073414
0.1987723206846301 1.1910627279937058
0.2152852952339084 1.1894989672616727
0.2317855431165935 1.1878061896914909
0.2482719526188209 1.1859835245401191
0.2647433776295160 1.1840300751176336
0.2812013110023659 1.1819447199222340
0.2976419221785076 1.1797269324321719
0.3140639785434697 1.1773756536029910
0.3304661948489851 1.1748897437788764
0.3468473020214803 1.1722680011943251
0.3632058816346374 1.1695091827123617
0.3795405228793116 1.1666119556498605
0.3958497509396467 1.1635749325482227
0.4121325991856578 1.1603966299553555
0.4283869559742879 1.1570756903650635
0.4446111827027523 1.1536105051183119
0.4608035567970199 1.1499994023889213
0.4769623906261568 1.1462406811920021
0.4930857516766427 1.1423325967264992
0.5091717228137407 1.1382733138156843
0.5252183045117622 1.1340610150392075
0.5412966053980366 1.1296741243291918
0.5573312016400679 1.1251300850637112
0.5733197897238367 1.1204266712143668
0.5892598880820085 1.1155614564110463
0.6051490475446262 1.1105318702279676
0.6209843919396554 1.1053353335454906
0.6367630317882984 1.0999690212768004
0.6524818808022508 1.0944300169876840
0.6681392914432807 1.0887148444127324
0.6837303407813074 1.0828210437643787
0.6992514495527128 1.0767453753426582
0.7146987778731657 1.0704844958497576
0.7300685415185078 1.0640348575521732
0.7453562200831265 1.0573929938989322
0.7605573117455170 1.0505552006338795
0.7756669923537731 1.0435177183866204
0.7907028140782974 1.0362658966987659
0.8056366834341057 1.0288063793693562
0.8204628476289010 1.0211349214278170
0.8351750760930803 1.0132471622214503
0.8497672196801244 1.0051383896862432
0.8642318442702907 0.9968042741387960
0.8785615305421740 0.9882401008130844
0.8927482722582120 0.9794411615084943
0.9067882856747430 0.9703998026104187
0.9206679456644700 0.9611141585277634
0.9343777007159278 0.9515792925733557
0.9479072442153351 0.9417903955447244
0.9612464901628772 0.9317422259832876
0.9743832174996065 0.9214306989933196
0.9873053451394838 0.9108513021484019
1.0000000000000000 0.9000000000000000
1.0061500230147956 0.8945699190283565
1.0122430266534378 0.8890759342176190
1.0182779001825601 0.8835181537415725
1.0242534770370537 0.8778966678536185
1.0301686314825985 0.8722115915666345
1.0360222321476232 0.8664631566702564
1.0418131427305760 0.8606515686599176
1.0475402419934161 0.8547770870134024
1.0532026105958204 0.8488399107979822
1.0587990998158226 0.8428405951692754
1.0643287084190696 0.8367795766224822
1.0697904631641180 0.8306573423706248
1.0751834317108200 0.8244744079964339
1.0805066965126317 0.8182313607379980
1.0857593889598094 0.8119288190736659
1.0909406724004739 0.8055674425494554
1.0960499954092510 0.7991475176533424
1.1010862579558189 0.7926701202715394
1.1060487653660054 0.7861360449449555
1.1109368785832930 0.7795461307312039
1.1157500007053205 0.7729012514517456
1.1204875868233775 0.7662023080295245
1.1251491459604969 0.7594502404486106
1.1297342335013141 0.7526460121713456
1.1342423652898680 0.7457906637400601
1.1386732070190638 0.7388851083020003
1.1430264563527438 0.7319303800583421
1.1473018598410706 0.7249275270885642
1.1514991801962220 0.7178776177787685
1.1556182423790013 0.7107817002077625
1.1596589047409531 0.7036408508738132
1.1636210470481052 0.6964561372489474
1.1674997451450191 0.6892374100014383
1.1712996873205477 0.6819769168044460
1.1750208520491488 0.6746757381203074
1.1786632805074802 0.6673349621367318
1.1822270451892275 0.6599557070726135
1.1857122830950666 0.6525390406551529
1.1891191706734263 0.6450860623416246
1.1924479282010751 0.6375978621549558
1.1956987003037143 0.6300757570136244
1.1988718699873100 0.6225205879764916
1.2019677610796012 0.6149334289057980
1.2049867357064868 0.6073153375029888
1.2079291749541639 0.5996673957013086
1.2107955166440826 0.5919906094046353
1.2135862153909404 0.5842860069360290
1.2163017560493403 0.5765545945406419
1.2189419304727779 0.5687994882063942
1.2215080183987465 0.5610195532453640
1.2240005754218099 0.5532157535148222
1.2264201824532279 0.5453890279823189
1.2287674301365701 0.5375403350356428
1.2310429488687562 0.5296705467819711
1.2332473756889085 0.5217805536654767
1.2353813662600318 0.5138712191026899
1.2374455210524384 0.5059436598648810
1.2394405966401372 0.4979984346399203
1.2413672875506902 0.4900363538035073
1.2432263011245966 0.4820582000294557
1.2450183464792990 0.4740647711963507
1.2467441558932510 0.4660567806288026
1.2484044607168419 0.4580349565902947
1.2500000000000000 0.4500000000000000
1.2515998988496225 0.4419732129014204
1.2532753010521854 0.4339618450460167
1.2550258929299072 0.4259665712315417
1.2568513764002582 0.4179880635145404
1.2587514671350090 0.4100269988425225
1.2607258978451854 0.4020840448024283
1.2627744146968985 0.3941598749019184
1.2648967784141087 0.3862551635121352
1.2670927611325321 0.3783705980147166
1.2693621544804991 0.3705068478269944
1.2717047607268895 0.3626645962425698
1.2741203956860204 0.3548445309178259
1.2766088897455853 0.3470473425143036
1.2791700847945463 0.3392737314096953
1.2818038364556969 0.3315244018209175
1.2845100135550512 0.3238000660957532
1.2872886389375025 0.3161010876326094
1.2901394886463711 0.3084285597356645
1.2930624640315290 0.3007832175818157
1.2960574759188552 0.2931658068966530
1.2991244519835345 0.2855770750628842
1.3022633247472212 0.2780177979281603
1.3054740408368768 0.2704887531310948
1.3087565585673740 0.2629907340117830
1.3121109134092454 0.2555244553931355
1.3155370553584545 0.2480908449540333
1.3190349657970312 0.2406907326192808
1.3226046368234473 0.2333249679769353
1.3262461017623934 0.2259944107094620
1.3299593839485892 0.2186999695273727
1.3337445275337655 0.2114425551269313
1.3376016135544686 0.2042231186413714
1.3415374504206846 0.1970310964550900
1.3455461315187174 0.1898794203704436
1.3496277026714367 0.1827690888093644
1.3537821661167827 0.1757010995999447
1.3580095441261918 0.1686764489133522
1.3623098366724039 0.1616961963305246
1.3666830277608285 0.1547613791973401
1.3711291067180226 0.1478730651167410
1.3756482792758583 0.1410321791201470
1.3802404878574290 0.1342401056392990
1.3849057591351581 0.1274980031044625
1.3896441216808546 0.1208070672154711
1.3944556528310402 0.1141685053928374
1.3993403960309029 0.1075836273413065
1.4042984266248607 0.1010537461748637
1.4093298410025159 0.0945802398005091
1.4144370814558570 0.0881618594824728
1.4196182190236792 0.0818029818725090
1.4248733868238355 0.0755051388299613
1.4302027055743169 0.0692699181239931
1.4356063541638987 0.0630989162699717
1.4410844372794119 0.0569938947842149
1.4466371035132478 0.0509566178171035
1.4522644995316039 0.0449889357264938
1.4579672602405701 0.0390922594411496
1.4637450880320980 0.0332691179411242
1.4695982044687951 0.0275216419347325
1.4755268149868828 0.0218520714227448
1.4815311660839164 0.0162626123382224
1.4876113676501366 0.0107557589837075
1.4937676133652387 0.0053340294082907
1.5000000000000000 0.0000000000000000
