0.0000000000000000 0.0000000000000000
-0.0126221598703314 0.0176164734979663
-0.0248538930368078 0.0355062404623756
-0.0366932024145321 0.0536580343889595
-0.0481383811050040 0.0720608807459176
-0.0591876986547608 0.0907036097641537
-0.0698400543524321 0.1095759726700814
-0.0800942818935902 0.1286675348486596
-0.0899494177254372 0.1479681365651920
-0.0994034212943445 0.1674652327137673
-0.1084568920180500 0.1871515124426217
-0.1171092276209155 0.2070173256230906
-0.1253599589763473 0.2270532652518278
-0.1332085970002082 0.2472498064813713
-0.1406549409429703 0.2675981075984752
-0.1476987443676043 0.2880892043584670
-0.1543398408788718 0.3087143358790238
-0.1605741169612872 0.3294511042786869
-0.1664060171498844 0.3503046100300777
-0.1718354953822925 0.3712664715437048
-0.1768625465814267 0.3923284664215401
-0.1814871520012325 0.4134823103197080
-0.1857093811348425 0.4347201272531936
-0.1895292765459153 0.4560339693681748
-0.1929468948335280 0.4774160027582445
-0.1959621859200426 0.4988576298008737
-0.1985753485430883 0.5203519716534902
-0.2007864391975093 0.5418913788668846
-0.2025955115093321 0.5634682702638651
-0.2040026082159696 0.5850750488706963
-0.2050077707361832 0.6067042525364443
-0.2056110255561312 0.6283483918428792
-0.2058123881759150 0.6500000000000000
-0.2056118601017022 0.6716517281573154
-0.2050094308489785 0.6932960027513574
-0.2040050800448661 0.7149253565382548
-0.2025987763359777 0.7365322993033676
-0.2007904734214685 0.7581093682745224
-0.1985801237643013 0.7796489648169290
-0.1959676689408439 0.8011435062662250
-0.1929530477117490 0.8225853413361344
-0.1895360561252960 0.8439675924103027
-0.1857167400424157 0.8652816562452384
-0.1814950382912424 0.8865196963890001
-0.1768709038320416 0.9076737620816070
-0.1718442626832489 0.9287359746294891
-0.1664151293910481 0.9496980458617508
-0.1605835048495005 0.9705517497523850
-0.1543494310986134 0.9912887007148658
-0.1477084500954211 1.0119140243272284
-0.1406646800767685 1.0324052884835409
-0.1332182838419661 1.0527537275299493
-0.1253695044531509 1.0729503720685053
-0.1171185392845924 1.0929863754782538
-0.1084658746592178 1.1128522067905601
-0.0994119769849418 1.1325384531393322
-0.0899574461499295 1.1520354581680694
-0.0801016785533256 1.1713359084993176
-0.0698467149445394 1.1904272484022610
-0.0591935173883066 1.2092993112770281
-0.0481432511470374 1.2279416553173668
-0.0366970160169309 1.2463440249301843
-0.0248565425560334 1.2644952423615914
-0.0126235379125153 1.2823843254912326
0.0000000000000000 1.3000000000000000
0.0026324515930569 1.3035718156923595
0.0052811461210344 1.3071316030494127
0.0079460626232640 1.3106792627894411
0.0106271797382905 1.3142146949568551
0.0133244762439559 1.3177377999931981
0.0160379293107910 1.3212484765648383
0.0187675163630401 1.3247466236401933
0.0215132142010938 1.3282321396448513
0.0242750036648231 1.3317049287214698
0.0270528557224388 1.3351648829059420
0.0298467456715281 1.3386118997165767
0.0326566481386553 1.3420458761384021
0.0354825378402477 1.3454667096344832
0.0383243877154528 1.3488742958329927
0.0411821708071198 1.3522685308233114
0.0440558593980352 1.3556493102084479
0.0469454665667059 1.3590165778736704
0.0498509219854819 1.3623701804034869
0.0527721962696628 1.3657100125336449
0.0557092592967904 1.3690359684677685
0.0586620810421742 1.3723479429251132
0.0616306294875187 1.3756458287924164
0.0646148727268413 1.3789295194544932
0.0676147780216177 1.3821989078220667
0.0706303176038756 1.3854538928587882
0.0736614516513864 1.3886943608724348
0.0767081455230709 1.3919202040255112
0.0797703636951668 1.3951313140302441
0.0828480706415481 1.3983275832527222
0.0859412286368418 1.4015089022569270
0.0890498000114684 1.4046751622039376
0.0921737460604611 1.4078262539395389
0.0953134244837793 1.4109624647751719
0.0984684000152196 1.4140832865264748
0.1016386318566870 1.4171886094011408
0.1048240783833444 1.4202783230626934
0.1080246980817449 1.4233523177688899
0.1112404470528539 1.4264104819996539
0.1144712815702920 1.4294527047617090
0.1177171569157600 1.4324788746602306
0.1209780342330384 1.4354888865289708
0.1242538603787032 1.4384826225546881
0.1275445882824406 1.4414599709249726
0.1308501698323304 1.4444208194640743
0.1341705569741643 1.4473650566996909
0.1375056990517122 1.4502925694654730
0.1408555454760746 1.4532032452887635
0.1442200445281604 1.4560969714236311
0.1475992012203444 1.4589736843011892
0.1509929045542287 1.4618332217833396
0.1544011002070573 1.4646754709773984
0.1578237327333084 1.4675003187041503
0.1612607467468916 1.4703076525381226
0.1647120840677539 1.4730973584872425
0.1681776865743581 1.4758693233182427
0.1716574949541328 1.4786234335916583
0.1751514565655274 1.4813595819762191
0.1786595025633297 1.4840776491206322
0.1821815708686591 1.4867775216660720
0.1857175981696012 1.4894590861042344
0.1892675211368705 1.4921222298328920
0.1928312734935324 1.4947668388273223
0.1964087889819349 1.4973927999298800
0.2000000000000000 1.5000000000000000
0.2122858631968467 1.5087047563793419
0.2247257877109613 1.5171878864737384
0.2373168808011451 1.5254450125952148
0.2500560757032635 1.5334717597718415
0.2629403119621535 1.5412638750176886
0.2759661059497815 1.5488169733866582
0.2891299739563896 1.5561268104458525
0.3024282487383002 1.5631891773686464
0.3158582595933439 1.5700004981865385
0.3294149323395530 1.5765560993720160
0.3430941667391888 1.5828519980565035
0.3568916776084929 1.5888842851697756
0.3708031775336490 1.5946492115256120
0.3848239576061025 1.6001430200602925
0.3989493073899077 1.6053621353448319
0.4131743405929996 1.6103030969151227
0.4275017887802644 1.6149650218363550
0.4419188432771524 1.6193419905549693
0.4564202178989551 1.6234309812937789
0.4710004713427613 1.6272291283022968
0.4856541531256586 1.6307337653213036
0.5003754919604366 1.6339423558749685
0.5151587175821199 1.6368525814673973
0.5299979378914888 1.6394623158198614
0.5448877657533744 1.6417697233968811
0.5598215546097764 1.6437729842075280
0.5747931738079185 1.6454706037204884
0.5897964147309709 1.6468613068627196
0.6048250580486734 1.6479440473153799
0.6198727635709312 1.6487180016899836
0.6349331976962869 1.6491825827172921
0.6500000000000000 1.6493374372165364
0.6650667830418923 1.6491824480494178
0.6801271951797736 1.6487177340400158
0.6951748760878098 1.6479436493062901
0.7102034923371696 1.6468607820408575
0.7252067038776202 1.6454699565471509
0.7401782917285254 1.6437722200233982
0.7551120475866373 1.6417688484007936
0.7700018411777681 1.6394613370353901
0.7848410258034694 1.6368515068176391
0.7996242153487559 1.6339411939497040
0.8143455182060579 1.6307325254193744
0.8289991646518310 1.6272278203823969
0.8435793839095116 1.6234296159435964
0.8580807261474914 1.6193405789105103
0.8724977506763510 1.6149635755439786
0.8868251719562842 1.6103016280749818
0.9010501793227303 1.6053606574240113
0.9151755076950484 1.6001415460127284
0.9291962714540097 1.5946477545865255
0.9431077608466603 1.5888828587941117
0.9569052676186934 1.5828506158768303
0.9705845050582666 1.5765547751220805
0.9841411886478748 1.5699992456570918
0.9975712188106626 1.5631880103549093
1.0108695219146070 1.5561257427659111
1.0240334280025150 1.5488160187320144
1.0370592704361719 1.5412630469282245
1.0499435660912391 1.5334710715915004
1.0626828319186794 1.5254444774621870
1.0752740080085604 1.5171875172580607
1.0877140281172665 1.5087045656509086
1.1000000000000001 1.5000000000000000
1.1035912588763388 1.4973928520741347
1.1071688265585660 1.4947669484004809
1.1107326354367896 1.4921224019895297
1.1142826191392943 1.4894593257322417
1.1178187112536450 1.4867778333512990
1.1213408482853434 1.4840780371441446
1.1248489666782210 1.4813600502055184
1.1283430040797283 1.4786239854596001
1.1318228915125547 1.4758699618698762
1.1352885760593701 1.4730980864939144
1.1387399980958132 1.4703084723191619
1.1421770991626089 1.4675012321131487
1.1455998207526715 1.4646764794058227
1.1490081071108857 1.4618343261655774
1.1524019024120731 1.4589748850927540
1.1557811519576708 1.4560982686247679
1.1591457452159628 1.4532046381656352
1.1624956863874603 1.4502940576092391
1.1658309233130880 1.4473666391988829
1.1691514049165123 1.4444224948714622
1.1724570800650596 1.4414617372592825
1.1757479001951156 1.4384844773281678
1.1790238166641822 1.4354908267133378
1.1822847818710622 1.4324808967082560
1.1855307423697928 1.4294548046965232
1.1887616588173691 1.4264126555661266
1.1919774859449566 1.4233545602081531
1.1951781794817483 1.4202806291392242
1.1983636950953404 1.4171909735120308
1.2015339908298283 1.4140857027388172
1.2046890246447764 1.4109649268453811
1.2078287554558199 1.4078287554558199
1.2109527517092926 1.4046776945314645
1.2140613688178051 1.4015114606150624
1.2171545678389895 1.3983301627178969
1.2202323107398023 1.3951339094219795
1.2232945594187816 1.3919228098878680
1.2263412779526457 1.3886969714905997
1.2293724303276999 1.3854565021654871
1.2323879813965969 1.3822015093976506
1.2353878910303324 1.3789321066043999
1.2383721310543679 1.3756483946934615
1.2413406682384860 1.3723504804399095
1.2442934701755364 1.3690384701503990
1.2472305043865519 1.3657124706597615
1.2501517403728435 1.3623725869969986
1.2530571475425098 1.3590189247042260
1.2559466960846049 1.3556515888406108
1.2588203158766831 1.3522707325648329
1.2616780196279973 1.3488764124360566
1.2645197792367873 1.3454687326908831
1.2673455673365392 1.3420477970681160
1.2701553564873450 1.3386137097890213
1.2729491210365048 1.3351665732735516
1.2757268352348636 1.3317064904098708
1.2784884740317465 1.3282335635827042
1.2812340082874784 1.3247479008139890
1.2839634186777571 1.3212495980529285
1.2866766816623827 1.3177387567907428
1.2893737743604227 1.3142154780095242
1.2920546738479254 1.3106798631561028
1.2947193587906056 1.3071320118894797
1.2973678077633991 1.3035720243019999
1.3000000000000000 1.3000000000000000
1.3126221598637056 1.2823835265059493
1.3248538930188660 1.2644937595423335
1.3366932023809631 1.2463419656139730
1.3481383810518908 1.2279391192531611
1.3591876985785521 1.2092963902294969
1.3698400542500017 1.1904240273169284
1.3800942817622036 1.1713324651308698
1.3899494175627529 1.1520318634063414
1.3994034210982574 1.1325347672498668
1.4084568917869923 1.1128484875131475
1.4171092273536849 1.0929826743250718
1.4253599586721004 1.0729467346891702
1.4332085966584358 1.0527501934530927
1.4406549405635075 1.0324018923301850
1.4476987439506039 1.0119107955652261
1.4543398404247915 0.9912856640406147
1.4605741164704494 0.9705488956394085
1.4664060166233652 0.9496953898874935
1.4718354948214238 0.9287335283743769
1.4768625459877804 0.9076715334980813
1.4814871513766001 0.8865176896024777
1.4857093804812246 0.8652798726725311
1.4895292758655005 0.8439660305620172
1.4929468941286757 0.8225839971772817
1.4959621851932553 0.8011423701408639
1.4985753477970160 0.7796480282951762
1.5007864384349193 0.7581086210893410
1.5025955107330911 0.7365317297004546
1.5040026074290253 0.7149249511021570
1.5050077699415472 0.6932957474452726
1.5056110247568602 0.6716516081479235
1.5058123873750930 0.6500000000000000
1.5056118593024217 0.6283482718518838
1.5050094300543226 0.6067039972669297
1.5040050792578911 0.5850746434888983
1.5025987755596946 0.5634677007323219
1.5007904726588249 0.5418906317692644
1.4985801230181640 0.5203510352344203
1.4959676682139805 0.4988564937920569
1.4929530470068105 0.4774146587283627
1.4895360554447855 0.4560324076595327
1.4857167393886936 0.4347183438290683
1.4814950376664984 0.4134803036888498
1.4768709032382779 0.3923262379988112
1.4718442621222585 0.3712640254524724
1.4664151288644047 0.3503019542207244
1.4605835043585378 0.3294482503295687
1.4543494306444096 0.3087112993655468
1.4477084496782998 0.2880859757491305
1.4406646796971886 0.2675947115878513
1.4332182835000814 0.2472462725356391
1.4253695041487976 0.2270496279905481
1.4171185390172626 0.2070136245736335
1.4084658744280691 0.1871477932537180
1.3994119767887734 0.1674615468970775
1.3899574459871742 0.1479645418604367
1.3801016784218790 0.1286640915211871
1.3698467148420601 0.1095727516107577
1.3591935173120599 0.0907006887293437
1.3481432510938967 0.0720583446835707
1.3366970159833439 0.0536559750668935
1.3248565425380816 0.0355047576337050
1.3126235379058858 0.0176156745048535
1.3000000000000000 0.0000000000000000
1.2973675484069166 -0.0035718156923113
1.2947188538788387 -0.0071316030492612
1.2920539373764412 -0.0106792627891346
1.2893728202611848 -0.0142146949563454
1.2866755237552331 -0.0177377999924400
1.2839620706880613 -0.0212484765637907
1.2812324836354309 -0.0247466236388187
1.2784867857969568 -0.0282321396431162
1.2757249963327752 -0.0317049287193436
1.2729471442746811 -0.0351648829034003
1.2701532543250945 -0.0386118997136004
1.2673433518574580 -0.0420458761349775
1.2645174621553513 -0.0454667096306016
1.2616756122796338 -0.0488742958286516
1.2588178291874637 -0.0522685308185144
1.2559441405960613 -0.0556493102032045
1.2530545334269240 -0.0590165778679750
1.2501490780076902 -0.0623701803973431
1.2472278037230741 -0.0657100125270683
1.2442907406955496 -0.0690359684607892
1.2413379189498223 -0.0723479429177745
1.2383693705042017 -0.0756458287847759
1.2353851272646862 -0.0789295194466237
1.2323852219698143 -0.0821989078140556
1.2293696823875618 -0.0854538928507250
1.2263385483401586 -0.0886943608644147
1.2232918544686964 -0.0919202040176433
1.2202296362969487 -0.0951313140226502
1.2171519293510434 -0.0983275832455281
1.2140587713563543 -0.1015089022502619
1.2109501999824590 -0.1046751621979316
1.2078262539343122 -0.1078262539343121
1.2046865755118330 -0.1109624647707890
1.2015315999811678 -0.1140832865228794
1.1983613681404004 -0.1171886093982642
1.1951759216143666 -0.1202783230604636
1.1919753019165129 -0.1233523177672335
1.1887595529458747 -0.1264104819984966
1.1855287184288393 -0.1294527047609834
1.1822828430837150 -0.1324788746598779
1.1790219657667221 -0.1354888865289300
1.1757461396212828 -0.1384826225548966
1.1724554117177186 -0.1414599709253752
1.1691498301679585 -0.1444208194646243
1.1658294430262185 -0.1473650567003490
1.1624943009487359 -0.1502925694662078
1.1591444545244184 -0.1532032452895522
1.1557799554723636 -0.1560969714244580
1.1524007987801994 -0.1589736843020308
1.1490070954463143 -0.1618332217841717
1.1455988997934676 -0.1646754709782000
1.1421762672671843 -0.1675003187049042
1.1387392532535581 -0.1703076525388148
1.1352879159326447 -0.1730973584878625
1.1318223134259844 -0.1758693233187835
1.1283425050461516 -0.1786234335921164
1.1248485434346995 -0.1813595819765934
1.1213404974368418 -0.1840776491209244
1.1178184291314615 -0.1867775216662872
1.1142824018304751 -0.1894590861043806
1.1107324788631702 -0.1921222298329799
1.1071687265064828 -0.1947668388273649
1.1035912110180664 -0.1973927999298928
1.1000000000000001 -0.2000000000000000
1.0877141368030386 -0.2087047563795114
1.0752742122888731 -0.2171878864741735
1.0626831191987001 -0.2254450125960159
1.0499439242966436 -0.2334717597731005
1.0370596880378581 -0.2412638750194922
1.0240338940503692 -0.2488169733890852
1.0108700260439271 -0.2561268104489752
0.9975717512622024 -0.2631891773725295
0.9841417404073519 -0.2700004981912420
0.9705850676613425 -0.2765560993775891
0.9569058332619070 -0.2828519980629874
0.9431083223927984 -0.2888842851772030
0.9291968224678274 -0.2946492115340078
0.9151760423955453 -0.3001430200696727
0.9010506926118937 -0.3053621353552042
0.8868256594089346 -0.3103030969264862
0.8724982112217364 -0.3149650218487147
0.8580811567248892 -0.3193419905683061
0.8435797821030999 -0.3234309813080657
0.8289995286592790 -0.3272291283174986
0.8143458468763378 -0.3307337653373781
0.7996245080414879 -0.3339423558918661
0.7848412824197052 -0.3368525814850615
0.7700020621102106 -0.3394623158382296
0.7551122342481714 -0.3417697234158853
0.7401784453915933 -0.3437729842270943
0.7252068261932551 -0.3454706037405385
0.7102035852699895 -0.3468613068831711
0.6951749419520595 -0.3479440473361471
0.6801272364295635 -0.3487180017109781
0.6650668023039624 -0.3491825827384237
0.6500000000000000 -0.3493374372377138
0.6349332169578586 -0.3491824480705494
0.6198728048197318 -0.3487177340610105
0.6048251239114574 -0.3479436493270574
0.5897965076618701 -0.3468607820613094
0.5747932961212062 -0.3454699565672016
0.5598217082701049 -0.3437722200429654
0.5448879524118168 -0.3417688484197991
0.5299981588205322 -0.3394613370537598
0.5151589741947053 -0.3368515068353052
0.5003757846493193 -0.3339411939666039
0.4856544817919452 -0.3307325254354516
0.4710008353461282 -0.3272278203976017
0.4564206160884327 -0.3234296159578863
0.4419192738504662 -0.3193405789238504
0.4275022493216473 -0.3149635755563418
0.4131748280417807 -0.3103016280863488
0.3989498206754675 -0.3053606574343869
0.3848244923033031 -0.3001415460221116
0.3708037285445132 -0.2946477545949241
0.3568922391520477 -0.2888828588015417
0.3430947323802102 -0.2828506158833164
0.3294154949408373 -0.2765547751276555
0.3158588113514290 -0.2699992456617968
0.3024287811888346 -0.2631880103587935
0.2891304780850762 -0.2561257427690346
0.2759665719973344 -0.2488160187344419
0.2629407295638168 -0.2412630469300282
0.2500564339088541 -0.2334710715927593
0.2373171680814761 -0.2254444774629874
0.2247259919916062 -0.2171875172584946
0.2122859718828513 -0.2087045656510739
0.2000000000000000 -0.2000000000000000
0.1964087411236610 -0.1973928520741350
0.1928311734414333 -0.1947669484004819
0.1892673645632091 -0.1921224019895314
0.1857173808607039 -0.1894593257322441
0.1821812887463527 -0.1867778333513020
0.1786591517146539 -0.1840780371441481
0.1751510333217759 -0.1813600502055223
0.1716569959202683 -0.1786239854596043
0.1681771084874417 -0.1758699618698808
0.1647114239406260 -0.1730980864939192
0.1612600019041829 -0.1703084723191667
0.1578229008373872 -0.1675012321131534
0.1544001792473247 -0.1646764794058273
0.1509918928891105 -0.1618343261655819
0.1475980975879231 -0.1589748850927585
0.1442188480423254 -0.1560982686247724
0.1408542547840333 -0.1532046381656397
0.1375043136125358 -0.1502940576092436
0.1341690766869081 -0.1473666391988873
0.1308485950834838 -0.1444224948714666
0.1275429199349367 -0.1414617372592867
0.1242520998048808 -0.1384844773281718
0.1209761833358144 -0.1354908267133416
0.1177152181289346 -0.1324808967082595
0.1144692576302043 -0.1294548046965264
0.1112383411826282 -0.1264126555661295
0.1080225140550409 -0.1233545602081557
0.1048218205182495 -0.1202806291392266
0.1016363049046577 -0.1171909735120329
0.0984660091701699 -0.1140857027388190
0.0953109753552220 -0.1109649268453827
0.0921712445441785 -0.1078287554558215
0.0890472482907051 -0.1046776945314666
0.0859386311821907 -0.1015114606150662
0.0828454321610032 -0.0983301627179033
0.0797676892601863 -0.0951339094219896
0.0767054405812021 -0.0919228098878826
0.0736587220473325 -0.0886969714906192
0.0706275696722723 -0.0854565021655119
0.0676120186033692 -0.0822015093976808
0.0646121089696275 -0.0789321066044355
0.0616278689455860 -0.0756483946935022
0.0586593317614622 -0.0723504804399552
0.0557065298244066 -0.0690384701504488
0.0527694956133869 -0.0657124706598148
0.0498482596270921 -0.0623725869970543
0.0469428524574239 -0.0590189247042831
0.0440533039153282 -0.0556515888406681
0.0411796841232496 -0.0522707325648901
0.0383219803719341 -0.0488764124361145
0.0354802207631424 -0.0454687326909420
0.0326544326633891 -0.0420477970681757
0.0298446435125826 -0.0386137097890810
0.0270508789634235 -0.0351665732736104
0.0242731647650672 -0.0317064904099271
0.0215115259681894 -0.0282335635827560
0.0187659917124637 -0.0247479008140356
0.0160365813221913 -0.0212495980529698
0.0133233183375730 -0.0177387567907779
0.0106262256395425 -0.0142154780095518
0.0079453261520499 -0.0106798631561223
0.0052806412093800 -0.0071320118894910
0.0026321922365959 -0.0035720243020040
0.0000000000000000 0.0000000000000000
