-2.0081000000000002 5.6374000000000004
-2.0141597372661121 5.6794531588619887
-2.0199936644939987 5.7215382379174646
-2.0255953858401642 5.7636548625916157
-2.0309643610858988 5.8058017896539068
-2.0361015611465412 5.8479775473744173
-2.0410087132399578 5.8901806896993005
-2.0456921444519753 5.9324092258160139
-2.0501591745464523 5.9746612013037151
-2.0544136449112879 6.0169340977112598
-2.0584590437931026 6.0592275137077867
-2.0623028706238782 6.1015397067163033
-2.0659532778048069 6.1438690252710400
-2.0694180784010886 6.1862137809677204
-2.0727052467501071 6.2285726962327358
-2.0758230616021632 6.2709443972265997
-2.0787791208991345 6.3133276902557862
-2.0815762131683129 6.3557151807539944
-2.0842170306275974 6.3981126943490713
-2.0867073718828647 6.4405193020359257
-2.0890533136987489 6.4829341429771688
-2.0912607713161495 6.5253563306625377
-2.0933353755759574 6.5677852228742189
-2.0952828416079943 6.6102201322623820
-2.0971086850320671 6.6526604486433694
-2.0988175727267341 6.6951051224706119
-2.1004140866633419 6.7375541716555371
-2.1019033067756921 6.7800071140520232
-2.1032901559199213 6.8224635239816621
-2.1045788072102004 6.8649229831840449
-2.1057733862821474 6.9073851931918579
-2.1068779333503418 6.9498498366444791
-2.1078956935792629 6.9923166487676009
-2.1088246987262461 7.0347660363541951
-2.1096632494345521 7.0772173071213891
-2.1104136741411477 7.1196702243969735
-2.1110789802891534 7.1621245609266769
-2.1116622025848696 7.2045800783527646
-2.1121662291545532 7.2470366098335641
-2.1125943273760404 7.2894939719066979
-2.1129496995736577 7.3319520049852284
-2.1132348328580919 7.3744104020420540
-2.1134519993462825 7.4168692011341309
-2.1136039560212560 7.4593282815867414
-2.1136933989783474 7.5017875397487694
-2.1137227170491730 7.5442468665604180
-2.1136942580597086 7.5867061939565693
-2.1136103307617452 7.6291654465391440
-2.1134729111511732 7.6716245596894778
-2.1132820052422321 7.7140828193777903
-2.1130374320252795 7.7565408038420558
-2.1127408698694873 7.7989984559074254
-2.1123942190756067 7.8414557285617462
-2.1119991929489055 7.8839125698878564
-2.1115574119417197 7.9263689504515945
-2.1110706166037509 7.9688248378784894
-2.1105403533471345 8.0112802046509591
-2.1099664989541407 8.0537349664589288
-2.1093491542305644 8.0961891181349201
-2.1086901529763286 8.1386426427416176
-2.1079912522369078 8.1810955292387803
-2.1072528108242068 8.2235477443307362
-2.1064749939669953 8.2659992562339690
-2.1056578838361015 8.3084500303261240
-2.1048000000000000 8.3508999999999993
-2.1037949441242382 8.3972879355163759
-2.1026976315986968 8.4436737803831691
-2.1015045013713169 8.4900572622123976
-2.1002139079285401 8.5364381345080684
-2.0988242107072191 8.5828161574591946
-2.0973335164554761 8.6291910440021282
-2.0957416695897977 8.6755625687986957
-2.0940485010707921 8.7219305045816126
-2.0922519895984992 8.7682946560501647
-2.0903496325573632 8.8146545852191892
-2.0883404987482728 8.8610100106963182
-2.0862237637397085 8.9073606473988707
-2.0839984533818186 8.9537062085651315
-2.0816635445614477 9.0000463773909472
-2.0792181009708127 9.0463808458635525
-2.0766609770083064 9.0927092850778645
-2.0739898909639527 9.1390323860298627
-2.0712025326116804 9.1853486360494981
-2.0682973990560275 9.2316576498265347
-2.0652730598635582 9.2779590313440105
-2.0621280405266294 9.3242523900709081
-2.0588608041860386 9.3705372836706736
-2.0554698626743442 9.4168132808534620
-2.0519536842552545 9.4630799307097278
-2.0483105742849199 9.5093369293303402
-2.0445388031930708 9.5555836147734505
-2.0406366774342076 9.6018194862960058
-2.0366024590139404 9.6480440196373582
-2.0324343370338794 9.6942566958121918
-2.0281304401762085 9.7404569247284994
-2.0236888390936528 9.7866441214319403
-2.0191075200107427 9.8328176687827717
-2.0143824845150382 9.8789947774949287
-2.0095132213516048 9.9251569005580555
-2.0044974176283610 9.9713033348556728
-1.9993326846776311 10.0174333383124477
-1.9940165679828533 10.0635461793503180
-1.9885465467301985 10.1096410171609871
-1.9829200150082653 10.1557170171524002
-1.9771343026512859 10.2017732997525941
-1.9711866710142109 10.2478093241597735
-1.9650743989002858 10.2938237783553203
-1.9587945947665587 10.3398156737185386
-1.9523442922496439 10.3857839668834961
-1.9457204690098439 10.4317276321624113
-1.9389200319943714 10.4776454878393884
-1.9319397984589812 10.5235363623339883
-1.9247765438875617 10.5693990247734143
-1.9174265842262277 10.6152364982292239
-1.9098874364864462 10.6610432349738669
-1.9021555064062232 10.7068178337243803
-1.8942270547038822 10.7525588031843688
-1.8860982685248852 10.7982646772513374
-1.8777652800369975 10.8439337629858928
-1.8692240705518054 10.8895643748463487
-1.8604705664515225 10.9351547374704367
-1.8515007723111899 10.9807038187117055
-1.8423108160404822 11.0262089910834934
-1.8328962535600557 11.0716682379141634
-1.8232525808536364 11.1170794335143797
-1.8133754813177786 11.1624405424515168
-1.8032605809298816 11.2077492181041000
-1.7929034480112013 11.2530031489238056
-1.7823000000000000 11.2981999999999996
-1.7729522822081646 11.3371497352413844
-1.7634201034690772 11.3760547384129029
-1.7537007019895730 11.4149134000994419
-1.7437907556317392 11.4537239053315764
-1.7336868073091165 11.4924844486835025
-1.7233853022538484 11.5311929553227292
-1.7128821458260294 11.5698472456194017
-1.7021731168805769 11.6084450065950351
-1.6912540953152375 11.6469848665448241
-1.6801213937927900 11.6854635462740688
-1.6687704536738170 11.7238784285897452
-1.6571965341939469 11.7622267194615072
-1.6453947508023516 11.8005056553927269
-1.6333601585190537 11.8387120372656986
-1.6210875685368243 11.8768426556257333
-1.6085717185103704 11.9148941210312318
-1.5958035237015809 11.9528750681532432
-1.5827817767802411 11.9907698336239095
-1.5695007622676166 12.0285745379497874
-1.5559545487297712 12.0662850287240890
-1.5421369262168020 12.1038971753160255
-1.5280416592208672 12.1414061570601032
-1.5136621768043016 12.1788071354546348
-1.4989917196917485 12.2160949402645895
-1.4840224321120893 12.2532665525855410
-1.4687480970907142 12.2903138604882275
-1.4531611980814356 12.3272307958404331
-1.4372540109419274 12.3640108574748709
-1.4210184788953824 12.4006476147689134
-1.4044465962464641 12.4371334639618190
-1.3875299276589975 12.4734607949687645
-1.3702599655974117 12.5096215065847953
-1.3524552715877026 12.5459575271227777
-1.3342740476114039 12.5821066157978703
-1.3157063848461032 12.6180588253835007
-1.2967419710150324 12.6538033422035520
-1.2773698064180039 12.6893294150792336
-1.2575793618272751 12.7246241869023222
-1.2373592654573894 12.7596747009688292
-1.2166979845673860 12.7944669746156930
-1.1955792455588902 12.8289937557947123
-1.1739956048442674 12.8632318370697330
-1.1519347571519131 12.8971645636491703
-1.1293843720297762 12.9307739531833974
-1.1063311243788062 12.9640422001806629
-1.0827632414121005 12.9969478741290216
-1.0586680234229469 13.0294696219927546
-1.0340331104165763 13.0615844888806247
-1.0087636604681187 13.0933711336678066
-0.9829272141532809 13.1246986603710844
-0.9565116275066734 13.1555397575885372
-0.9295055235413848 13.1858651074476372
-0.9018962774445764 13.2156459309435234
-0.8736756237191685 13.2448480305501933
-0.8448343365400993 13.2734377920113281
-0.8153649286024601 13.3013796656484904
-0.7852422297394424 13.3286541892445745
-0.7544803137663782 13.3552056703680738
-0.7230762682141504 13.3809950828342230
-0.6910300340685972 13.4059820144082271
-0.6583410988077417 13.4301279745219170
-0.6250172846951518 13.4533899024577063
-0.5910663372957997 13.4757272750751063
-0.5565000000000000 13.4970999999999997
-0.5388939140508536 13.5074742789509166
-0.5211436259866889 13.5175998505317875
-0.5032517268558504 13.5274730702673565
-0.4852207642376141 13.5370899777492186
-0.4670533029371777 13.5464467657827650
-0.4487523323972515 13.5555396536466027
-0.4303206983348670 13.5643647118849908
-0.4117614380480350 13.5729181114855132
-0.3930770681840873 13.5811968997272898
-0.3742719483097002 13.5891976170998076
-0.3553496028605536 13.5969170292277344
-0.3363137112362825 13.6043520350089445
-0.3171680094443994 13.6114997589849972
-0.2979165343154900 13.6183574962577818
-0.2785633572139032 13.6249227583004834
-0.2591126836247581 13.6311932787368794
-0.2395673091642811 13.6371671894296107
-0.2199330530854763 13.6428421572706572
-0.2002145414809340 13.6482170492056665
-0.1804164819826735 13.6532911011678394
-0.1605436546675737 13.6580637188605968
-0.1406007748446223 13.6625345900849015
-0.1205926462589246 13.6667037146921988
-0.1005240388172575 13.6705712468310755
-0.0804001641143190 13.6741367366209342
-0.0602251173604346 13.6774002529729283
-0.0400036801607793 13.6803626867278092
-0.0197405588298785 13.6830251010646200
0.0005595613284487 13.6853881298604979
0.0208922111560859 13.6874526236288000
0.0412528693032195 13.6892195582201106
0.0616371355255588 13.6906893026234700
0.0820006410295106 13.6918554569404069
0.1023793056569983 13.6927170254523501
0.1227685252112712 13.6932750999848636
0.1431637641422917 13.6935319076225459
0.1635603987729094 13.6934899405978990
0.1839542755098624 13.6931519211841955
0.2043411802826353 13.6925214094080815
0.2247171053616782 13.6916021115851956
0.2450765319287526 13.6903967962371859
0.2654171982727670 13.6889080625774202
0.2857354470844516 13.6871397931684548
0.3060278327565085 13.6850959988508411
0.3262907954205502 13.6827803869215322
0.3465213128326041 13.6801966145298362
0.3667162821625789 13.6773484392991628
0.3868727031840119 13.6742391660737969
0.4069791015072033 13.6708711345021358
0.4270403307760166 13.6672437428190323
0.4470534242878234 13.6633596187326821
0.4670155605308502 13.6592215698633085
0.4869238486033264 13.6548322896143368
0.5067756619043176 13.6501942702371350
0.5265683485354291 13.6453101325431630
0.5462993120707712 13.6401823334969778
0.5659653268498074 13.6348129950397529
0.5855642423241819 13.6292036773463233
0.6050934166584423 13.6233561949213382
0.6245502150620530 13.6172722244439529
0.6439319859890394 13.6109534095122235
0.6632360443928842 13.6044010209745547
0.6824596344176044 13.5976161837703142
0.7016000000000000 13.5906000000000002
0.7352662924918106 13.5776296938501291
0.7686529279915039 13.5639556066127247
0.8017394558184188 13.5495701615739084
0.8345045485650184 13.5344669152370197
0.8669278398394056 13.5186402371714142
0.8989863913292210 13.5020872062697660
0.9306583321517499 13.4848056821651849
0.9619216260427042 13.4667954249229684
0.9927607910793787 13.4480547117981778
1.0231487230082403 13.4285908472879676
1.0530648114363673 13.4084091442774555
1.0824890729222248 13.3875168892709728
1.1114028406060854 13.3659232028778697
1.1397881266867277 13.3436393794213790
1.1676284178670662 13.3206783108351585
1.1949087658739756 13.2970546977277383
1.2215977933179221 13.2728031697155599
1.2477042372681850 13.2479255817878490
1.2732180641867257 13.2224406992883053
1.2981309609154788 13.1963680665745328
1.3224356662873768 13.1697289703261897
1.3461280804999566 13.1425438703461860
1.3692049063862986 13.1148344807895796
1.3916647597254865 13.0866226898047717
1.4135018240779004 13.0579401378571152
1.4347254342172418 13.0288007394691125
1.4553384701339495 12.9992264726867522
1.4753453040837661 12.9692387902034029
1.4947512710695665 12.9388606205956713
1.5135643769604215 12.9081117703714831
1.5317926171078885 12.8770128366549981
1.5494458025170383 12.8455839095004444
1.5662765463022658 12.8143469456278123
1.5825821367943493 12.7828326700205805
1.5983735554272299 12.7510577856207068
1.6136612017991764 12.7190374787909693
1.6284550362984822 12.6867872231604856
1.6427660566611161 12.6543198360835329
1.6566041756163422 12.6216482010134642
1.6699793766072129 12.5887843413371488
1.6829002279085443 12.5557467147141224
1.6953804915699995 12.5225401462347662
1.7074299619761565 12.4891749298689330
1.7190583079107611 12.4556606199247780
1.7302754853554019 12.4220071739279303
1.7410915487110595 12.3882226764361264
1.7515160317963829 12.3543153792623060
1.7615591116911282 12.3202931630579237
1.7712266397191055 12.2862026849300367
1.7805456058790456 12.2520152798388402
1.7895247978182969 12.2177371146302791
1.7981717053385429 12.1833736240001986
1.8064939531852850 12.1489304354955554
1.8144991142297776 12.1144121730792529
1.8221937124837874 12.0798233917396618
1.8295847023759504 12.0451684656069661
1.8366835551520231 12.0104555242734965
1.8435028317499322 11.9756865801791116
1.8500494635280458 11.9408652999290995
1.8563302724762684 11.9059950922319259
1.8623553353895821 11.8710801195052896
1.8681349167315998 11.8361236731309490
1.8736788184091904 11.8011291155240053
1.8790000000000000 11.7660999999999998
1.8894766520850368 11.6933075123052952
1.8992789128064041 11.6204211474045473
1.9084388560763484 11.5474514125914469
1.9169831154920051 11.4744070261511409
1.9249352819299420 11.4012966769871405
1.9323169943440410 11.3281265298793599
1.9391462568506152 11.2549028211831022
1.9454392092729814 11.1816310729343538
1.9512121223575912 11.1083207489543621
1.9564809580316612 11.0349724735951318
1.9612581261900124 10.9615905762583149
1.9655547619594916 10.8881789755849286
1.9693814250390327 10.8147416735820689
1.9727477388102523 10.7412818300798040
1.9756622867738404 10.6678027024843826
1.9781334493975150 10.5943073275462027
1.9801717200029431 10.5208152221175982
1.9817885083237945 10.4473126364289598
1.9829913480383566 10.3738021316534274
1.9837869533213407 10.3002860915807589
1.9841815938709417 10.2267669554319816
1.9841811743778193 10.1532467601040999
1.9837909464561480 10.0797276138427015
1.9830158046587300 10.0062115183259397
1.9818608737538835 9.9327012873202972
1.9803308829154848 9.8591979060651992
1.9784296542851392 9.7857031993692143
1.9761606934736805 9.7122189262254338
1.9735275690943179 9.6387468750933063
1.9705335877868429 9.5652886439854881
1.9671817882883583 9.4918458772284893
1.9634753801879408 9.4184201522556017
1.9594220733676550 9.3450556890497887
1.9550250080172821 9.2717110261631069
1.9502871032006637 9.1983875978780485
1.9452107780222305 9.1250868216188012
1.9397982361483003 9.0518101457748178
1.9340515160445939 8.9785589202538006
1.9279722480243148 8.9053345468478342
1.9215618646328885 8.8321384175435211
1.9148218595261137 8.7589720979291758
1.9077535614524953 8.6858367633972933
1.9003579292829301 8.6127338059850259
1.8926357285697010 8.5396646238782589
1.8845875844363407 8.4666306315969386
1.8762139429194768 8.3936332427375667
1.8675150641318562 8.3206738968563869
1.8584910815398420 8.2477540478319246
1.8491422249446626 8.1748747638616825
1.8394686337647065 8.1020378722109847
1.8294699058391155 8.0292448998445107
1.8191454201301295 7.9564974161703576
1.8084944047449026 7.8837970001985669
1.7975159279690258 7.8111453129580818
1.7862088441126995 7.7385440391867375
1.7745718580996484 7.6659949133816134
1.7626036876370414 7.5934993862454957
1.7503029228651800 7.5210595508992379
1.7376676792903407 7.4486773020445914
1.7246959005859144 7.3763546065286270
1.7113855471677389 7.3040934027787387
1.6977343830263866 7.2318958072987957
1.6837399858118692 7.1597639496812820
1.6694000000000000 7.0876999999999999
1.6610562420313288 7.0465685074317529
1.6526054549200879 7.0054588713942981
1.6440479190114584 6.9643713240331851
1.6353836295599384 6.9233061556142018
1.6266125596611257 6.8822636605393471
1.6177347219584865 6.8412441277913388
1.6087498897453498 6.8002478975687876
1.5996578185690578 6.7592753171755065
1.5904584764414593 6.7183266687442389
1.5811518809340063 6.6774022630186965
1.5717378277119726 6.6365024422620856
1.5622160833163318 6.5956275585355934
1.5525864228582702 6.5547779602151301
1.5428486152959742 6.5139540071071759
1.5330024024583531 6.4731560638662578
1.5230475447281460 6.4323844942680164
1.5129838865458310 6.3916394128419246
1.5028113962792006 6.3509213662507061
1.4925298628277608 6.3102307164585528
1.4821390542883863 6.2695678340162220
1.4716387278382222 6.2289330903488776
1.4610286380132668 6.1883268686288360
1.4503085192285311 6.1477495554750375
1.4394780955336270 6.1072015442768402
1.4285370680582495 6.0666831977223542
1.4174851545139899 6.0261949562597196
1.4063220591833443 5.9857372272282293
1.3950474756368893 5.9453104254551408
1.3836610714627115 5.9049149703828508
1.3721625112072554 5.8645512973269113
1.3605514464938216 5.8242198428298455
1.3488275000575129 5.7839210571708830
1.3369892092362339 5.7436522956957220
1.3250369601687430 5.7034172112228238
1.3129703847522201 5.6632162647849535
1.3007891380684684 5.6230499161083220
1.2884928624920402 5.5829186258194684
1.2760811961699929 5.5428228730218235
1.2635537904259913 5.5027631299259540
1.2509102837730266 5.4627398785450585
1.2381502344135875 5.4227535701317794
1.2252732194808670 5.3828047753239297
1.2122788336186709 5.3428940032935316
1.1991666599133223 5.3030217737506680
1.1859362458688509 5.2631886141067562
1.1725871277592270 5.2233950780902017
1.1591188243391223 5.1836417216480148
1.1455308158976510 5.1439291219845570
1.1318222112705665 5.1042572910148629
1.1179925356694760 5.0646275031517125
1.1040412194164991 5.0250403728708407
1.0899676922760107 4.9854965245137164
1.0757713468407588 4.9459965900553690
1.0614515550612163 4.9065412404900529
1.0470076752072668 4.8671311466877826
1.0324390294545974 4.8277670041253908
1.0177447925016161 4.7884494499832018
1.0029241928026880 4.7491793533711682
0.9879764598894758 4.7099574706831746
0.9729007861996632 4.6707845863927148
0.9576962680227724 4.6316615130898569
0.9423619727782061 4.5925891235160842
0.9268969140813053 4.5535683036839902
0.9113000000000000 4.5145999999999997
0.9019474040510776 4.4914174454202568
0.8925461366705854 4.4682545859364397
0.8830956235611135 4.4451117744048474
0.8735952775684522 4.4219893750994374
0.8640444666390618 4.3988877667029333
0.8544424965797244 4.3758073752224150
0.8447886449162802 4.3527486350934911
0.8350821446546994 4.3297120077156616
0.8253221949398153 4.3066978824981683
0.8155079724051902 4.2837068491589643
0.8056384913126083 4.2607394811988185
0.7957127089351356 4.2377963887252958
0.7857295698353666 4.2148781800832095
0.7756879742647940 4.1919855237924993
0.7655867574435341 4.1691191104317123
0.7554247591566337 4.1462796438864202
0.7452006569199826 4.1234665939397138
0.7349140149303043 4.1006816754410095
0.7245634451789027 4.0779257237338797
0.7141474425128969 4.0551996479455344
0.7036644501830159 4.0325043680108263
0.6931128797063858 4.0098408903434467
0.6824910175200945 3.9872102681534190
0.6717971049074498 3.9646136035755336
0.6610293842406990 3.9420517334853591
0.6501862235963067 3.9195260224518982
0.6392656320043978 3.8970377438385945
0.6282655604571742 3.8745882355664117
0.6171840015362417 3.8521787944659038
0.6060188942067762 3.8298108625794564
0.5947681033750007 3.8074859002284813
0.5834296191323154 3.7852053478701756
0.5719846950262443 3.7629353046530752
0.5604499717174113 3.7407116399941151
0.5488229651825240 3.7185361092092129
0.5371008832756676 3.6964106884827407
0.5252807907565795 3.6743373896972056
0.5133597189450891 3.6523184625366785
0.5013343537694717 3.6303563088920519
0.4892012493659278 3.6084534922272976
0.4769565610734693 3.5866118854337335
0.4645971503667015 3.5648349906669039
0.4521191417416827 3.5431258183673158
0.4395184814711319 3.5214876062894796
0.4267908485861823 3.4999236637905352
0.4139318718216060 3.4784377853695835
0.4009368720981536 3.4570338787026012
0.3878009751750032 3.4357161525000770
0.3745105974318260 3.4144755526703504
0.3610687536634858 3.3933304809563444
0.3474697989674404 3.3722860731239061
0.3337078307137020 3.3513479046360421
0.3197764449625927 3.3305216880428432
0.3056692772251090 3.3098141380921721
0.2913794221929866 3.2892321786993791
0.2768996662952266 3.2687833724157121
0.2622198739982184 3.2484725375245586
0.2473344122355086 3.2283119486450168
0.2322348819733234 3.2083111002880657
0.2169125369797755 3.1884804297740588
0.2013575843389403 3.1688306744811012
0.1855607718127381 3.1493748232084438
0.1695118160909309 3.1301262894133041
0.1532000000000000 3.1111000000000000
0.1439622625544587 3.1005681068889290
0.1346349520407602 3.0901154591766587
0.1252159774822666 3.0797453128488003
0.1157034438713985 3.0694609207473269
0.1060953708380227 3.0592655202131864
0.0963900649192396 3.0491626346605797
0.0865859068640148 3.0391556256801962
0.0766813535786505 3.0292479736817314
0.0666735857371628 3.0194425949979683
0.0565619059258118 3.0097444096164741
0.0463450771941755 3.0001570321224223
0.0360219937531061 2.9906841579643984
0.0255913553175189 2.9813295637687914
0.0150522237238230 2.9720973724801974
0.0044036124151112 2.9629916396524726
-0.0063554898229448 2.9540167295044551
-0.0172389060654192 2.9451688318386809
-0.0282367310748073 2.9364635525626414
-0.0393495006302382 2.9279054509060404
-0.0505774367258855 2.9194990127667991
-0.0619208944536276 2.9112487188446972
-0.0733797444083458 2.9031594580170692
-0.0849538182303620 2.8952358882784823
-0.0966428060008651 2.8874828432547022
-0.1084485163832439 2.8799044930135162
-0.1203687788390181 2.8725076333422671
-0.1324029176799883 2.8652974607069740
-0.1445500550521422 2.8582793312741052
-0.1568095887421976 2.8514587647588733
-0.1691801736631524 2.8448417471074119
-0.1816606062139127 2.8384342314061044
-0.1942495613969169 2.8322426515175067
-0.2071120909542906 2.8261994231922378
-0.2200842879128468 2.8203953400369009
-0.2331639333616101 2.8148374983789324
-0.2463482691741126 2.8095327817848468
-0.2596346621239286 2.8044878528210175
-0.2730192942972326 2.7997096557287703
-0.2864983746569848 2.7952046253286939
-0.3000676603291946 2.7909790611537902
-0.3137258849305184 2.7870383711523749
-0.3274650005996498 2.7833896950119526
-0.3412797688486661 2.7800386466431141
-0.3551645172181662 2.7769905144839079
-0.3691136160177701 2.7742501705375800
-0.3831204654583181 2.7718222061607597
-0.3971785277888711 2.7697106677849384
-0.4112809470273989 2.7679191649456774
-0.4254323041253499 2.7664500163409007
-0.4396137816457333 2.7653076500793607
-0.4538179222860969 2.7644939868470275
-0.4680371242120689 2.7640102970959310
-0.4822637469690898 2.7638572567205267
-0.4964900834499686 2.7640349270892008
-0.5107084566670554 2.7645427136176553
-0.5249112691068464 2.7653794351358259
-0.5390898197673581 2.7665434371881388
-0.5532379130663907 2.7680326166979206
-0.5673483443556743 2.7698440134668663
-0.5814141866895244 2.7719741563877540
-0.5954284188311462 2.7744192291767220
-0.6093848747576142 2.7771750269623318
-0.6232773563827338 2.7802368849008601
-0.6371000000000000 2.7835999999999999
-0.6879984570228803 2.7988097965916610
-0.7375485894233877 2.8179611730111740
-0.7855619999789182 2.8406667381772989
-0.8319438662928309 2.8665424557504485
-0.8765824123958960 2.8951718307510459
-0.9195501713165744 2.9262525740570668
-0.9608746561263807 2.9594766479290582
-1.0006144902145764 2.9945807462096028
-1.0385889769321114 3.0310867849636818
-1.0751344995276985 3.0690232751174899
-1.1103217013856265 3.1082191316367001
-1.1442244816587585 3.1485311128906253
-1.1769018063406424 3.1898204538936773
-1.2084313815126473 3.2319927566326132
-1.2388749697885389 3.2749540218019166
-1.2682918153412461 3.3186247393342331
-1.2963027869825388 3.3622443766729018
-1.3234190207790691 3.4064257885849060
-1.3496849318072245 3.4511172617394669
-1.3751423001606081 3.4962741909019328
-1.3998276965969772 3.5418532245792345
-1.4237786706797062 3.5878224311056230
-1.4470280827373488 3.6341500563624395
-1.4696066954312063 3.6808082847019603
-1.4915350311046086 3.7277548499018508
-1.5128477659749119 3.7749840699019857
-1.5335693938993741 3.8224754046519228
-1.5537228775106152 3.8702106100930001
-1.5733290197056974 3.9181718058004945
-1.5924082277085005 3.9663450445067735
-1.6109790609665363 4.0147164150212284
-1.6290589087681185 4.0632734375495515
-1.6462878934021046 4.1109495290814838
-1.6630757689305911 4.1587827272864895
-1.6794358772352737 4.2067638444329820
-1.6953808798819347 4.2548845015041853
-1.7109225382068719 4.3031364058497952
-1.7260722434479264 4.3515128034789711
-1.7408406252298850 4.4000069227069636
-1.7552377579092881 4.4486125527385566
-1.7692722722185211 4.4973210857114396
-1.7829539394954573 4.5461299041440723
-1.7962913114989946 4.5950338911041176
-1.8092925230750228 4.6440283186454654
-1.8219651198696626 4.6931085096556202
-1.8343164648927255 4.7422705288903309
-1.8463535062545914 4.7915104221038933
-1.8580827391630354 4.8408245432438849
-1.8695059233244593 4.8901969786748737
-1.8806308005612574 4.9396374845707396
-1.8914636502737377 4.9891427754520680
-1.9020108664521647 5.0387097068582349
-1.9122783571977520 5.0883351703651877
-1.9222719117861297 5.1380165236194997
-1.9319972998942349 5.1877510507955677
-1.9414598428252136 5.2375362559127478
-1.9506617039336264 5.2873694005669914
-1.9596057579397227 5.3372494612318033
-1.9682975909567797 5.3871740754764659
-1.9767425817137669 5.4371410365586567
-1.9849429800201694 5.4871486489716159
-1.9929015215786470 5.5371953216671148
-2.0006208883974222 5.5872794405579191
-2.0081000000000002 5.6374000000000004
