0.0000000000000000 0.0000000000000000
-0.0124539382103261 0.0113583912519246
-0.0242515989806729 0.0233970302583171
-0.0353347811626095 0.0360973553545569
-0.0456534332119939 0.0494262939736633
-0.0551705588245156 0.0633367700140888
-0.0638673010415114 0.0777743493959272
-0.0717390612722273 0.0926767085729332
-0.0787978251948155 0.1079809161661261
-0.0850428213159890 0.1235523063332606
-0.0905442765789259 0.1394016646256493
-0.0953441675295398 0.1554760895677776
-0.0994890997495037 0.1717317232758127
-0.1030249831875970 0.1881213358738111
-0.1060014165055375 0.2046217212482230
-0.1084637419151296 0.2212058694078390
-0.1104550623806373 0.2378531412385767
-0.1119886145749686 0.2542102081664114
-0.1131443815589811 0.2705983021218741
-0.1139542713502571 0.2870067972615908
-0.1144473333248085 0.3034278667795415
-0.1146498748088617 0.3198530297732078
-0.1145858281049411 0.3362793166464176
-0.1142767419816637 0.3527026667718420
-0.1137420864672027 0.3691202216158112
-0.1129993575330328 0.3855210980328916
-0.1120639915614070 0.4019121164276443
-0.1109509612763494 0.4182919520822096
-0.1096739224587614 0.4346598176835761
-0.1082441912341868 0.4510145672557033
-0.1066726959184036 0.4673563042323527
-0.1049697057362021 0.4836848245539894
-0.1031432880346143 0.5000000000000000
-0.1012403189169850 0.5158558095841558
-0.0992017963484520 0.5316947620359197
-0.0970321380837331 0.5475162613543050
-0.0947382777231564 0.5633202311819624
-0.0923273665125304 0.5791065399191461
-0.0898058562500699 0.5948755608908967
-0.0871813166284024 0.6106277370106181
-0.0844610468524340 0.6263636638367818
-0.0816504726776228 0.6420824663191383
-0.0787536435646647 0.6577856016672708
-0.0757759074959224 0.6734735822848165
-0.0727223437708321 0.6891469800188240
-0.0695975001965032 0.7048062276283028
-0.0664056470652483 0.7204519540942579
-0.0631508846503666 0.7360847067673332
-0.0598367650381945 0.7517049835161967
-0.0564651770129582 0.7673091567663188
-0.0530357827949685 0.7829007276919620
-0.0495507500983695 0.7984799526665808
-0.0460122807928187 0.8140471277050978
-0.0424224311070470 0.8296025041950381
-0.0387830363588596 0.8451463635734901
-0.0350959395194978 0.8606789740217891
-0.0313628604510442 0.8762005973618304
-0.0275853011201792 0.8917112907358915
-0.0237645227308088 0.9072113944755980
-0.0199018330159456 0.9227011051404869
-0.0159984564560261 0.9381806128764181
-0.0120555593892977 0.9536500879208758
-0.0080741964320561 0.9691097077232068
-0.0040553611865743 0.9845596274911405
0.0000000000000000 1.0000000000000000
0.0331167703418384 1.1219496935554134
0.0679479294898048 1.2434208365834690
0.1044468327589898 1.3644010388349832
0.1425705859579303 1.4848790813103524
0.1822788968747844 1.6048421202850466
0.2235357431831157 1.7242814492709559
0.2663072978441237 1.8431865839295550
0.3105624782400259 1.9615475400951137
0.3562687942856221 2.0793446591133379
0.4034033953422565 2.1965775809343243
0.4519419859033523 2.3132360867934936
0.5018623648472413 2.4293100181004415
0.5531438905474715 2.5447882587082944
0.6057682955383080 2.6596607572942874
0.6597187086018681 2.7739164245848672
0.7149799241203926 2.8875438976587661
0.7715274944238151 3.0005101569974833
0.8293594770081047 3.1128242934477683
0.8884650944447097 3.2244734106390935
0.9488349607857487 3.3354440311660135
1.0104610274092936 3.4457220166865589
1.0733365148358744 3.5552924472726852
1.1374559335197940 3.6641396425895554
1.2028150101939715 3.7722470099472505
1.2694123786246255 3.8795997119732343
1.3372445701381893 3.9861764726137940
1.4063109775584409 4.0919576598881337
1.4766121121089316 4.1969223143963199
1.5481501496693565 4.3010488616014371
1.6209275665158807 4.4043129707972440
1.6949485399019681 4.5066894973430405
1.7702183091276853 4.6081514090602622
1.8476706570410151 4.7098721339371926
1.9264165885623565 4.8105947745678465
2.0064656289627460 4.9102851610519355
2.0878284248074636 5.0089062413476868
2.1705185738287965 5.1064199932835454
2.2545482200135796 5.2027818691673128
2.3399325790057266 5.2979458482672131
2.4266879323197466 5.3918616634954572
2.5148530793067579 5.4844966544643377
2.6044273776194060 5.5757697599053307
2.6954322934272538 5.6656172255349840
2.7878901758371443 5.7539688059483759
2.8818296042469644 5.8407520497990082
2.9772722698189257 5.9258792793540734
3.0742461981869046 6.0092592341245983
3.1727796181107420 6.0907903619149422
3.2736303408053111 6.1709276001097525
3.3761256199284332 6.2489504363244268
3.4802995477181071 6.3247200044640102
3.5861842080036459 6.3980798940727277
3.6938286555299527 6.4688669064570476
3.8032493733153519 6.5368759847103933
3.9144785390115850 6.6018909555018650
4.0275393859639137 6.6636656964152683
4.1427575558733911 6.7220739595306238
4.2598466454049707 6.7766349070123852
4.3788086611024425 6.8269971659373263
4.4996150920670046 6.8727587714645893
4.6222945800126279 6.9134938911339444
4.7466834068046352 6.9486652787435484
4.8726572449634797 6.9777101716864831
5.0000000000000000 7.0000000000000000
5.0155201620865626 7.0022309324306903
5.0310503644304662 7.0043908643418600
5.0465902679148787 7.0064798558398797
5.0621395446452919 7.0084978942301700
5.0776978686807457 7.0104449491528118
5.0932649098949357 7.0123210348384013
5.1088403470299835 7.0141260914058436
5.1244238582503400 7.0158600606110249
5.1400151096096347 7.0175229543083831
5.1556137739048631 7.0191148106468104
5.1712195254949975 7.0206356164627569
5.1868320390825840 7.0220853586812996
5.2024509887394979 7.0234640278090648
5.2180760489451984 7.0247716250395978
5.2337068938572857 7.0260081532677808
5.2493431978949606 7.0271736191687028
5.2649845577668964 7.0282679640053469
5.2806307316212540 7.0292911809833671
5.2962813884933887 7.0302433675813377
5.3119361980251135 7.0311246498131269
5.3275948290144468 7.0319351460824138
5.3432569576262253 7.0326749812064425
5.3589222578282955 7.0333442998518653
5.3745904069045657 7.0339432342338007
5.3902610725636475 7.0344717796465216
5.4059339535808770 7.0349299532727788
5.4216087295014611 7.0353179107976666
5.4372850829620242 7.0356357997423106
5.4529626991078753 7.0358836520609236
5.4686412656817443 7.0360614974354683
5.4843204700597273 7.0361693529034596
5.5000000000000000 7.0362070832709334
5.5156793961927339 7.0361736160972315
5.5313584715915992 7.0360678821994888
5.5470368918824468 7.0358897691586747
5.5627143238038645 7.0356393386871136
5.5783904332998787 7.0353166791053284
5.5940648922902083 7.0349218962571397
5.6097373752825346 7.0344552296229828
5.6254075616975911 7.0339169373143144
5.6410750979605120 7.0333071263229525
5.6567396911777337 7.0326258911696481
5.6724010272499384 7.0318734978298927
5.6880587978549514 7.0310502342116994
5.7037126910928290 7.0301563609756304
5.7193624088860758 7.0291921432321902
5.7350076519242449 7.0281578627238517
5.7506481226135694 7.0270537601427067
5.7662832959028837 7.0258798329675036
5.7819130657247638 7.0246360306863454
5.7975371344733972 7.0233225578415781
5.8131552105086998 7.0219396492648918
5.8287669995241298 7.0204875280849604
5.8443722169052597 7.0189664091970413
5.8599705782359494 7.0173765279917381
5.8755618011385219 7.0157181049902004
5.8911455689416524 7.0139912386974272
5.9067216124815301 7.0121960357064426
5.9222896548634636 7.0103327242822726
5.9378494215959374 7.0084015245773948
5.9534006267642681 7.0064025664502943
5.9689429803227600 7.0043359117514513
5.9844762027081719 7.0022017106352399
6.0000000000000000 7.0000000000000000
6.1233852989536772 6.9713169547704487
6.2421746355416676 6.9273198799300244
6.3566539046602985 6.8735412392506488
6.4676381117401402 6.8128769908821400
6.5752616413786612 6.7473449492265246
6.6803676434748353 6.6778467410570618
6.7832751575433825 6.6051521981503937
6.8842526200273525 6.5297996594375135
6.9829378768797548 6.4526436396684528
7.0800821377765416 6.3735561951437665
7.1758190210635371 6.2927741368149644
7.2702627103453981 6.2104839106384794
7.3634993065550165 6.1268453532036336
7.4556174530140070 6.0419765234986273
7.5466851392238848 5.9559825043502015
7.6367616886097575 5.8689508431477687
7.7253154598574271 5.7815340349920196
7.8129809123354269 5.6932264068268876
7.8997951961057647 5.6040822740308703
7.9857913051708839 5.5141486012260148
8.0709966612643302 5.4234679505201927
8.1554376310298576 5.3320750856756131
8.2391361609371532 5.2400019985261438
8.3221115955285448 5.1472767347613752
8.4043748067156255 5.0539299749234110
8.4859454565471990 4.9599774200187591
8.5668361937547781 4.8654389456994227
8.6470578994657903 4.7703320982833235
8.7266188434251545 4.6746724377668212
8.8055263015265613 4.5784730224369333
8.8837856855509142 4.4817457010711186
8.9614003355846241 4.3845002796538534
9.0380297272265081 4.2871754936652456
9.1140146644702172 4.1893467302916694
9.1893533401164964 4.0910194167903381
9.2640429266008208 3.9921981523816848
9.3380791407392126 3.8928863566999675
9.4114559933464421 3.7930864004528335
9.4841663095188134 3.6927997683919110
9.5562012233267288 3.5920269057715842
9.6275513445333842 3.4907646697818698
9.6982020905953892 3.3890132456408627
9.7681387463407589 3.2867696272799772
9.8373443231751363 3.1840297545557333
9.9057997800976782 3.0807877392370756
9.9734825884623574 2.9770375548449403
10.0403676413025213 2.8727711700584424
10.1064262799256969 2.7679792545633515
10.1717005922376067 2.6625290083649977
10.2360767617299444 2.5565280693475534
10.2995125888346888 2.4499614804959902
10.3619596249767154 2.3428124735150686
10.4233638061736677 2.2350592198599227
10.4836598234493931 2.1266819738973877
10.5427738709419406 2.0176550070848728
10.6006193956138106 1.9079497411277433
10.6571253271055016 1.7974726419674426
10.7121392872849490 1.6862450648204384
10.7655173094608451 1.5742218595748151
10.8170835552523554 1.4613532011266744
10.8666309144212835 1.3475598111722144
10.9138799321952908 1.2327930619922619
10.9584872949204852 1.1169689538252253
11.0000000000000000 1.0000000000000000
11.0051538512230852 0.9846869828476959
11.0102585474705434 0.9693575095052211
11.0153129046033530 0.9540113628077310
11.0203155751967286 0.9386482891757704
11.0252651357144533 0.9232679979623533
11.0301600525197142 0.9078702287538702
11.0349986166143662 0.8924546551364610
11.0397790108216656 0.8770209438629325
11.0444995867661633 0.8615685296580274
11.0491583538076644 0.8460973683680418
11.0537530334057913 0.8306070481375582
11.0582811829442527 0.8150971492594318
11.0627403492982771 0.7995672217528363
11.0671278036408947 0.7840168822927338
11.0714406338887501 0.7684456737844096
11.0756759281482819 0.7528531973392871
11.0798342124601357 0.7372333747788448
11.0839119542445779 0.7215923323846394
11.0879046780364534 0.7059293579723704
11.0918072686675752 0.6902436830718923
11.0956144028671500 0.6745344073636187
11.0993203688937016 0.6588009579674381
11.1029188414481757 0.6430425529864929
11.1064031437943366 0.6272585113801958
11.1097680399566662 0.6114465151113441
11.1130064153773371 0.5956081226163895
11.1161093973015364 0.5797426096311584
11.1190677087210407 0.5638494855628176
11.1218731062011526 0.5479282773962391
11.1245163915646840 0.5319793537024006
11.1269884175880872 0.5160029475070537
11.1292823527801933 0.5000000000000000
11.1314867500054321 0.4833495537065880
11.1335151172072505 0.4666767478422164
11.1353559180523922 0.4499821203891518
11.1369950658127850 0.4332664891367076
11.1384175555864854 0.4165301066480821
11.1396076017381491 0.3997755918500116
11.1405467190237853 0.3830049968635180
11.1412147711688219 0.3662214184665046
11.1415909246939604 0.3494134567392318
11.1416517015601045 0.3326013963339013
11.1413716159504437 0.3157912881288609
11.1407229612619898 0.2989913645305510
11.1396754402716222 0.2822081438875171
11.1381969083909069 0.2654573905057814
11.1362528747873169 0.2487537413618166
11.1338069238028672 0.2321161788853529
11.1307516300188093 0.2152249426762738
11.1270900757950769 0.1984546802619740
11.1227819062571027 0.1818378430261614
11.1177890924751919 0.1654137322426645
11.1120736964520127 0.1492177146709020
11.1056086206588411 0.1333060984149977
11.0983718189548422 0.1177293221571026
11.0903514475412458 0.1025411392546124
11.0815285906593885 0.0877691749328075
11.0719272360397742 0.0734909494495471
11.0615722484050599 0.0597495532706220
11.0504994776791232 0.0465796828721668
11.0387557337164752 0.0340109850573580
11.0263881918859626 0.0220555847675004
11.0134517299630700 0.0107195486427603
11.0000000000000000 0.0000000000000000
10.9242684806926903 -0.0448534089193600
10.8418770921359720 -0.0758171037889428
10.7569050921868074 -0.0976396222352172
10.6706591650897873 -0.1137052111094009
10.5843827471186065 -0.1259059450078926
10.4977813955916978 -0.1355332041875593
10.4110024007821727 -0.1433219529171472
10.3241124017108817 -0.1497551953589715
10.2377362329484029 -0.1551232779189881
10.1513142665327730 -0.1596952098203945
10.0648617296665191 -0.1636352406111548
9.9783874602502532 -0.1670653575430076
9.8918997343379008 -0.1700778801000843
9.8054006433195519 -0.1727442031574938
9.7188931791196742 -0.1751202854550903
9.6323793160509534 -0.1772506906523925
9.5462080207475132 -0.1791605785242783
9.4600328003605265 -0.1808842946291346
9.3738545122746794 -0.1824459668462122
9.2876737731080568 -0.1838659507247906
9.2014911805096717 -0.1851613378629519
9.1153070005832186 -0.1863464223416696
9.0291215355174809 -0.1874335172560624
8.9429350119715999 -0.1884331787115994
8.8567479645314499 -0.1893543849529269
8.7705601904011389 -0.1902048894221906
8.6843718122591939 -0.1909915452440407
8.5981829255769081 -0.1917203570092100
8.5119936239097746 -0.1923965232002198
8.4258039591451153 -0.1930247033826989
8.3396139870297565 -0.1936090475676425
8.2534237516013842 -0.1941531690380649
8.1673803871950701 -0.1946581613706628
8.0813368151681654 -0.1951264438330731
7.9952930645160466 -0.1955605673617318
7.9092491598846356 -0.1959630164923996
7.8232051261720223 -0.1963360699500485
7.7371609781573551 -0.1966817560065554
7.6511167320304810 -0.1970020174330179
7.5650724011510800 -0.1972986357728528
7.4790280121809932 -0.1975731442393202
7.3929835595132432 -0.1978269024728110
7.3069390518766801 -0.1980612292454130
7.2208944965578472 -0.1982773390305188
7.1348499009551149 -0.1984763451914436
7.0488052696707976 -0.1986592742369704
6.9627606076388792 -0.1988270772879633
6.8767159189932797 -0.1989806283635321
6.7906712530616996 -0.1991206805092710
6.7046265672344726 -0.1992479234836852
6.6185818643905254 -0.1993630504367438
6.5325371469714072 -0.1994667132680247
6.4464924174920594 -0.1995595176093817
6.3604476775252197 -0.1996420273594755
6.2744029287788144 -0.1997147733263713
6.1883581726946187 -0.1997782494556712
6.1023134122618896 -0.1998328880251564
6.0162686468872270 -0.1998790932010312
5.9302238775956755 -0.1999172728296785
5.8441791052524165 -0.1999478099728932
5.7581343307579548 -0.1999710558793820
5.6720895546598635 -0.1999873163925288
5.5860447775672742 -0.1999968784278676
5.5000000000000000 -0.2000000000000000
5.4139544826159759 -0.1999971756535036
5.3279089656024989 -0.1999887054254645
5.2418634493484214 -0.1999744350815064
5.1558179343127849 -0.1999541046737798
5.0697724209060830 -0.1999274501320581
4.9837269098004601 -0.1998941866439612
4.8976814016681173 -0.1998539260112839
4.8116358973184771 -0.1998062616882868
4.7255903962661513 -0.1997508621536729
4.6395449007902574 -0.1996873896228651
4.5534994119992649 -0.1996153954793250
4.4674539312148011 -0.1995343954300511
4.3814084596493724 -0.1994438767852739
4.2953629992633564 -0.1993432909980040
4.2093175519610819 -0.1992320453095195
4.1232721199910676 -0.1991095130878821
4.0372266696605244 -0.1989750856108950
3.9511812398615109 -0.1988281024975525
3.8651358338073866 -0.1986677866720605
3.7790904553392751 -0.1984932917939962
3.6930451080389739 -0.1983037026155905
3.6069997976882410 -0.1980980263357819
3.5209545299834773 -0.1978751784037409
3.4349093117651133 -0.1976339786122923
3.3488641384923991 -0.1973731892322473
3.2628190313480114 -0.1970914248927868
3.1767740008224596 -0.1967870992618974
3.0907290596617395 -0.1964584765588384
3.0046842195677595 -0.1961037148751796
2.9186395003716469 -0.1957207512830291
2.8325949217449699 -0.1953073235955532
2.7465505071947708 -0.1948610521438021
2.6603519237505980 -0.1943793115293256
2.5741535540082921 -0.1938607408298414
2.4879554345749083 -0.1933019801620981
2.4017576117949568 -0.1926991905372822
2.3155601286569660 -0.1920480475420433
2.2293630638709677 -0.1913436976269603
2.1431664975334405 -0.1905805509116948
2.0569705330213201 -0.1897522133512669
1.9707749903812757 -0.1888513884634049
1.8845803315683339 -0.1878696305447532
1.7983867493835210 -0.1867970494339257
1.7121945021403552 -0.1856220791098897
1.6260038168248209 -0.1843311783039294
1.5398152108190004 -0.1829082043668085
1.4536292178507963 -0.1813338710497321
1.3674465881581488 -0.1795850861662908
1.2808875203106260 -0.1776265208521291
1.1943341049338742 -0.1754323259334094
1.1077881306151366 -0.1729591714011652
1.0212523327789448 -0.1701524193683565
0.9347285629058359 -0.1669420552714449
0.8482245612532310 -0.1632370736553550
0.7617485899636184 -0.1589165828127105
0.6753150821257287 -0.1538166833587278
0.5882685568683441 -0.1476593797395415
0.5013283223402129 -0.1401490157379177
0.4145606209618031 -0.1307859736595236
0.3281167308845725 -0.1187962102018750
0.2415694889890203 -0.1027623981558715
0.1563936476805609 -0.0805681586814055
0.0741108641711180 -0.0482154773941556
0.0000000000000000 0.0000000000000000
