-2.0661000000000000 5.2164000000000001
-2.0743257898711461 5.2648631562850808
-2.0823620625904030 5.3133580988760163
-2.0902111590519008 5.3618836840654752
-2.0978746851683445 5.4104389216892776
-2.1053541117414147 5.4590228316425123
-2.1126509583838352 5.5076344985269441
-2.1197661197112433 5.5562730884586357
-2.1267004053200054 5.6049377947081799
-2.1334550747938235 5.6536275970494190
-2.1400315462317092 5.7023417883611521
-2.1464307079706569 5.7510795865625788
-2.1526533528517203 5.7998402360165020
-2.1587002286280482 5.8486229815730640
-2.1645720261619525 5.8974271101321465
-2.1702693425869120 5.9462519136645936
-2.1757927470171452 5.9950966969881814
-2.1811428910456490 6.0439601054367328
-2.1863205352053316 6.0928420931959413
-2.1913261163645375 6.1417419991652124
-2.1961599887524373 6.1906591773778040
-2.2008224507435925 6.2395929855746552
-2.2053137477241241 6.2885428005681550
-2.2096340488004722 6.3375080035319276
-2.2137834693323013 6.3864879832371476
-2.2177621305293719 6.4354821167706166
-2.2215700851735764 6.4844898135849349
-2.2252072568111914 6.5335104812500798
-2.2286735122563680 6.5825435308089930
-2.2319687213747313 6.6315883743471135
-2.2350926850019675 6.6806444232306934
-2.2380451475778157 6.7297110929916062
-2.2408258736249245 6.7787877949930569
-2.2434353060224540 6.8278774538440664
-2.2458733937552222 6.8769759209459332
-2.2481396225539049 6.9260826216025478
-2.2502333024670523 6.9751969814860647
-2.2521536802763779 7.0243184351401791
-2.2538999306217427 7.0734463871609500
-2.2554710727059979 7.1225802527363447
-2.2568660626996675 7.1717194350326288
-2.2580839523110256 7.2208634653168739
-2.2591237289934384 7.2700115866658631
-2.2599841629094650 7.3191631771431866
-2.2606639477128885 7.3683175979575488
-2.2611617622904033 7.4174742211224485
-2.2614762134246981 7.4666323592158881
-2.2616058310142751 7.5157913349080460
-2.2615491413391423 7.5649504487945111
-2.2613050383811309 7.6141107656021812
-2.2608723214211127 7.6632697840109851
-2.2602492442111340 7.7124267617198802
-2.2594339166260318 7.7615809265852442
-2.2584244108035119 7.8107315222682447
-2.2572187398255990 7.8598776972515789
-2.2558147868071801 7.9090186119956006
-2.2542103980236748 7.9581533911503755
-2.2524036356098939 8.0072814740363077
-2.2503924778018855 8.0564016141291268
-2.2481745311806870 8.1055128566334598
-2.2457473504778199 8.1546142030647902
-2.2431086454118166 8.2037046830996817
-2.2402560699317637 8.2527831998622330
-2.2371872398751488 8.3018486742959469
-2.2339000000000002 8.3508999999999993
-2.2313101238575230 8.3874236690652718
-2.2286006671014418 8.4239386619381978
-2.2257711937621113 8.4604445520154183
-2.2228210528025423 8.4969408887908641
-2.2197495766344717 8.5334272252857097
-2.2165561188169246 8.5699030877680922
-2.2132398550934884 8.6063679917065507
-2.2097999442442871 8.6428214392482294
-2.2062356722375970 8.6792630390051203
-2.2025463806530153 8.7156921942984158
-2.1987312625902608 8.7521083886620910
-2.1947894848768981 8.7885110908450906
-2.1907201924433242 8.8248997739108845
-2.1865225196455342 8.8612738710028457
-2.1821955715344982 8.8976328182084048
-2.1777384329706960 8.9339760354253119
-2.1731499952409897 8.9703039828675967
-2.1684294189560417 9.0066149961515411
-2.1635757809217442 9.0429084646856660
-2.1585881499097034 9.0791837620282547
-2.1534655588906018 9.1154402651492753
-2.1482070171250374 9.1516773000143600
-2.1428115150433170 9.1878941975793608
-2.1372780046125857 9.2240902660711266
-2.1316053536021582 9.2602649651944861
-2.1257924209481271 9.2964173875215085
-2.1198379981356787 9.3325467781466638
-2.1137408331229999 9.3686523538487992
-2.1074996544043202 9.4047333403648692
-2.1011131238910170 9.4407888826264130
-2.0945798462389687 9.4768181264557491
-2.0878984202069761 9.5128201913128030
-2.0810640328769558 9.5488142307641309
-2.0740792041267866 9.5847793790820692
-2.0669421175658426 9.6207146270142423
-2.0596507691776704 9.6566188925993711
-2.0522030824576804 9.6924911010759968
-2.0445969160625598 9.7283300409492597
-2.0368299430442536 9.7641344810603875
-2.0288997713550034 9.7999031290431872
-2.0208040393015869 9.8356351334122887
-2.0125405018169099 9.8713287037289933
-2.0041065260776877 9.9069823933337062
-1.9954993932432071 9.9425946776407904
-1.9867163902366605 9.9781640662091129
-1.9777547169471422 10.0136888597593820
-1.9686114618482104 10.0491673607732978
-1.9592837727171853 10.0845978189057228
-1.9497685035420129 10.1199840019044716
-1.9400649677979597 10.1553190226170848
-1.9301695710570209 10.1906008062199049
-1.9200784018317256 10.2258270951888449
-1.9097875525355109 10.2609956876933377
-1.8992931155797878 10.2961040666215484
-1.8885908929920146 10.3311496788736838
-1.8776767549945379 10.3661298746738405
-1.8665475665568189 10.4010432983338559
-1.8552003610649614 10.4358864743439664
-1.8436303439654612 10.4706563173544486
-1.8318327880152917 10.5053496157312090
-1.8198042352776320 10.5399636422865409
-1.8075411733474664 10.5744952832471558
-1.7950402481002647 10.6089415397013933
-1.7823000000000000 10.6433000000000000
-1.7699659158405406 10.6759107574314727
-1.7574338939275575 10.7084459623498297
-1.7447010603605022 10.7409031204821114
-1.7317623789149341 10.7732787700836311
-1.7186126181942407 10.8055694737324228
-1.7052465189150991 10.8377712305044641
-1.6916567958878064 10.8698792870992769
-1.6778359174132815 10.9018885230858895
-1.6637769331367504 10.9337964738568408
-1.6494748346643207 10.9655961961916997
-1.6349217112021479 10.9972818664924604
-1.6201091875508186 11.0288471044607153
-1.6050283732498976 11.0602855202275502
-1.5896703396013316 11.0915894456739977
-1.5740253925581896 11.1227510336792210
-1.5580835561784969 11.1537617864568158
-1.5418128968856915 11.1846548617262010
-1.5252247305804636 11.2153786178776314
-1.5083075280361343 11.2459225307219185
-1.4910491285860818 11.2762749606442113
-1.4734361518808356 11.3064241331746742
-1.4554554666052495 11.3363554630768266
-1.4370925616900324 11.3660539925073460
-1.4183322344541183 11.3955030850105481
-1.3991510797958743 11.4246956994445868
-1.3795391211535471 11.4536006559352922
-1.3594781033196984 11.4821960505281699
-1.3389490317758220 11.5104573005005046
-1.3179302709226839 11.5383595993668582
-1.2964022559003137 11.5658708908491810
-1.2743426410260047 11.5929582834836072
-1.2517287885542542 11.6195847200555615
-1.2252378338339266 11.6493334103592116
-1.1979626156795066 11.6783647336395194
-1.1698645980354236 11.7066021882965644
-1.1409066470376749 11.7339570693061366
-1.1110395930988467 11.7603401481008432
-1.0802396750982699 11.7856279477052039
-1.0484738178880494 11.8096951470060826
-1.0157192449320415 11.8323984004504213
-0.9817559503580817 11.8537026834716498
-0.9467760274331900 11.8732930598216541
-0.9107933087528903 11.8909836982734015
-0.8738530281068018 11.9065763375062013
-0.8359874779499811 11.9198853056437736
-0.7973365526537697 11.9307035538990278
-0.7580339873376661 11.9388612430728804
-0.7182530069243315 11.9442197065128669
-0.6778528503403773 11.9466950841795233
-0.6373800541883931 11.9461921744057705
-0.5970536977653636 11.9427329874640383
-0.5570782453888395 11.9363970420770168
-0.5176682952551052 11.9273215496914551
-0.4789423416929257 11.9156678270122536
-0.4410218743677898 11.9016263824228566
-0.4039857037408228 11.8853953604709278
-0.3681403996520258 11.8673104651124953
-0.3332463912669098 11.8474520300240192
-0.2993136459577561 11.8259986991936555
-0.2663312069248810 11.8031112501576533
-0.2342982765277737 11.7789505931203676
-0.2031695515919846 11.7536356081871063
-0.1729151889406603 11.7272845939810508
-0.1435000000000000 11.6999999999999993
-0.1077389953507036 11.6645939179102044
-0.0731776532841033 11.6280158679754179
-0.0397485419269636 11.5904030224084586
-0.0073838425439497 11.5518704664120143
0.0239714998684088 11.5125284121259315
0.0543845680347906 11.4724534820829190
0.0839097588473981 11.4317211303988576
0.1125985994717295 11.3903954508537291
0.1404693631723303 11.3485764291311154
0.1675952463652226 11.3062704424614166
0.1940159189798595 11.2635210229257321
0.2197684695701113 11.2203658268290358
0.2448854243459896 11.1768410729293262
0.2693997459400229 11.1329740733051428
0.2933403992538154 11.0887916484339893
0.3167343976837895 11.0443173593891413
0.3395416011479566 10.9997009183875956
0.3618524043735896 10.9548341891004344
0.3836880003964565 10.9097344275319768
0.4050682592066889 10.8644170326331850
0.4260112515845894 10.8188969627797468
0.4465346223607583 10.7731861660115150
0.4666544640894155 10.7272964139844784
0.4863859064360290 10.6812383250617777
0.5057411162108941 10.6350263462912569
0.5247353401880909 10.5886648257939719
0.5433810580434126 10.5421621057454641
0.5616900560968601 10.4955257856019428
0.5796732274986697 10.4487632816678359
0.5973411351764066 10.4018807554331587
0.6147036104010703 10.3548842970732084
0.6317699097930325 10.3077794770505238
0.6484608838249172 10.2608197799097706
0.6648746963227041 10.2137624900497308
0.6810190148996723 10.1666120890030447
0.6969011928451779 10.1193727434859307
0.7125281585570311 10.0720485571513227
0.7279066115376509 10.0246430315924282
0.7430429071547345 9.9771596507412870
0.7579431148015991 9.9296016575735494
0.7726126272697388 9.8819731815448635
0.7870572407301840 9.8342760174064543
0.8012822230507501 9.7865129051294703
0.8152926215254393 9.7386864088017586
0.8290931935434060 9.6907990512592989
0.8426885688763532 9.6428530340109524
0.8560831587656922 9.5948505467964402
0.8692811496837946 9.5467936341531099
0.8822846701884589 9.4986893340379311
0.8950985971399254 9.4505341836262785
0.9077267961131238 9.4023300030669541
0.9201730994431723 9.3540785371190779
0.9324411242575805 9.3057815025156894
0.9445344005825487 9.2574404159323717
0.9564563870846144 9.2090568073191042
0.9682103551940672 9.1606321072345476
0.9797985646815995 9.1121678759109572
0.9912235153625629 9.0636648984884220
1.0024883899773162 9.0151244991566461
1.0135962663427537 8.9665479322748199
1.0245492936909581 8.9179362527231329
1.0353496781922065 8.8692904318178217
1.0459995508249110 8.8206114410870688
1.0565000000000000 8.7719000000000005
1.0649294504770028 8.7322308106521414
1.0732458916804609 8.6925377756891915
1.0814480487792394 8.6528209667272813
1.0895357740447090 8.6130806975382058
1.0975089999514410 8.5733172987785585
1.1053675774277845 8.5335310829202138
1.1131122454255307 8.4937225382110149
1.1207437948586436 8.4538921532328408
1.1282620810595346 8.4140402706451117
1.1356667815373171 8.3741671270015641
1.1429584570341985 8.3342731604902583
1.1501377578954152 8.2943588180216527
1.1572052250879169 8.2544245300315016
1.1641613963323327 8.2144707050404475
1.1710068788234237 8.1744977672873778
1.1777421279784870 8.1345061081324261
1.1843667360083498 8.0944961803382887
1.1908802265322172 8.0544680128204406
1.1972827676498698 8.0144219494388456
1.2035745932516959 7.9743583418164389
1.2097559160437788 7.9342775394608209
1.2158269109935744 7.8941798775682666
1.2217877995205665 7.8540656999240269
1.2276387815143828 7.8139353442090212
1.2333799635458425 7.7737891499379865
1.2390114112121962 7.7336274158774764
1.2445332204889598 7.6934504611202067
1.2499454683691587 7.6532586006987243
1.2552482212462935 7.6130521484469183
1.2604414979975044 7.5728314091780032
1.2655252937104306 7.5325966852626954
1.2704995975837098 7.4923482779852877
1.2753647952438741 7.4520855324002474
1.2801209075178767 7.4118097552338757
1.2847676261143907 7.3715212100375657
1.2893045151581292 7.3312201491885618
1.2937311125171419 7.2909068192432426
1.2980469074893239 7.2505814767249568
1.3022512819654687 7.2102443643113147
1.3063435971398534 7.1698957291532333
1.3103233837715710 7.1295357810253128
1.3141901337141244 7.0891648464386055
1.3179431301608650 7.0487831771724090
1.3215816262274384 7.0083910301457003
1.3251049459638506 6.9679886648857395
1.3285123840080802 6.9275763614802293
1.3318032120905460 6.8871543943392471
1.3349767999449162 6.8467230535607671
1.3380333412254528 6.8062822098330325
1.3409728594838038 6.7658326916848579
1.3437945361871044 6.7253747810961375
1.3464974092660982 6.6849087599704858
1.3490805923921080 6.6444349102983565
1.3515432132371981 6.6039535461795678
1.3538843018700227 6.5634649705531135
1.3561029820323101 6.5229695027748136
1.3581991472131572 6.4824674456734270
1.3601725733996409 6.4419592227181321
1.3620223037009314 6.4014451616056679
1.3637474503694137 6.3609256043649449
1.3653478351764706 6.3204009242681714
1.3668232844556197 6.2798715031286935
1.3681737266435069 6.2393377248086167
1.3694000000000000 6.1988000000000003
1.3705447148386137 6.1568448374889399
1.3715688253731822 6.1148865578411253
1.3724725378270680 6.0729255119988573
1.3732551175821423 6.0309620322420119
1.3739157518608894 5.9889964432640949
1.3744535844200767 5.9470291008172350
1.3748669849803703 5.9050603457301627
1.3751542391933152 5.8630905376700934
1.3753144430793878 5.8211198991538245
1.3753467496628557 5.7791489673196004
1.3752494083951835 5.7371781331160865
1.3750205270348594 5.6952078101201393
1.3746582693845601 5.6532383993155723
1.3741607449854237 5.6112703740658661
1.3735259353473688 5.5693041976683783
1.3727519251015701 5.5273403578435836
1.3718376197558203 5.4853775274114410
1.3707820052592240 5.4434180139469524
1.3695831575614240 5.4014623451327239
1.3682389925548703 5.3595110805285799
1.3667473863074294 5.3175647649931196
1.3651061792490439 5.2756240363920413
1.3633130648392735 5.2336895234603982
1.3613656912704798 5.1917618909218892
1.3592618725197117 5.1498414882031541
1.3569993493503593 5.1079293514603780
1.3545755214768490 5.0660262285772232
1.3519877265635671 5.0241329120886951
1.3492334262098414 4.9822501653639954
1.3463099870927913 4.9403788846650153
1.3432147178235531 4.8985199500426292
1.3399451287435698 4.8566742706143020
1.3364976167947006 4.8148082256718722
1.3328738262375319 4.7729570703741158
1.3290706737112485 4.7311218256745290
1.3250846341359701 4.6893036100655769
1.3209120845434749 4.6475035149593197
1.3165493136043348 4.6057228453772440
1.3119921985354478 4.5639629164583590
1.3072365103912645 4.5222251351165497
1.3022782211417638 4.4805101529754164
1.2971133995204660 4.4388202383084738
1.2917375115972964 4.3971570025534044
1.2861458784689052 4.3555221731013405
1.2803337930802417 4.3139174249774983
1.2742964238965459 4.2723447707880769
1.2680287737448237 4.2308061961749869
1.2615258806957572 4.1893037986381695
1.2547823972624275 4.1478301885145953
1.2477956128921675 4.1063968716106673
1.2405597622405057 4.0650063055160100
1.2330687276359738 4.0236611619457785
1.2253163364230551 3.9823640335509090
1.2172964034434328 3.9411180269783589
1.2090024193194331 3.8999262296899818
1.2004278979351555 3.8587919140942839
1.1915669109551561 3.8177165834363639
1.1824139789338375 3.7767053201745440
1.1729621929623615 3.7357618721312480
1.1632047075514497 3.6948901988821563
1.1531354888247973 3.6540939647218344
1.1427486029524073 3.6133774510043890
1.1320382751120906 3.5727447946142762
1.1210000000000000 3.5322000000000000
1.1137055747571152 3.5060665904648503
1.1062911606216482 3.4799669698433992
1.0987569035495762 3.4539016906002413
1.0911017770239500 3.4278716531525441
1.0833245948028238 3.4018777859799315
1.0754240443531321 3.3759211491315280
1.0673977577629549 3.3500031094579533
1.0592432040717145 3.3241251398497069
1.0509588334923747 3.2982879276894473
1.0425432565608609 3.2724931531600999
1.0339934416434924 3.2467425512360476
1.0253060810397231 3.2210380263364829
1.0164779093944236 3.1953814223039158
1.0075056027565313 3.1697748673095703
0.9983855544328370 3.1442205467602906
0.9891143294081858 3.1187206846684256
0.9796874201799435 3.0932702236930871
0.9701053140415752 3.0678777873505894
0.9603645127391656 3.0425457897284553
0.9504612240012117 3.0172768723453629
0.9403914523271226 2.9920736824863732
0.9301511846393507 2.9669392837802307
0.9197360426858692 2.9418768235113838
0.9091414783427287 2.9168896807572041
0.8983622577557441 2.8919798824798979
0.8873942038296552 2.8671526506617237
0.8762321154796602 2.8424120195994986
0.8648705729331659 2.8177623463226693
0.8533038490188537 2.7932079831920289
0.8415261736518570 2.7687541038717469
0.8295313748054937 2.7444059502526371
0.8173131272510140 2.7201691556889590
0.8046706468718092 2.6956763656752379
0.7917849464852098 2.6713106561977446
0.7786482511617003 2.6470792850632743
0.7652523303245078 2.6229902540324747
0.7515881726696265 2.5990516446404273
0.7376469160439687 2.5752733438655606
0.7234187751562929 2.5516654865022889
0.7088935103523792 2.5282392703165641
0.6940558540002423 2.5049999126803923
0.6788986893154186 2.4819676711897527
0.6634098582379261 2.4591569847165807
0.6475766871644860 2.4365839477192330
0.6313847921995042 2.4142648544547091
0.6148209339439042 2.3922203996781465
0.5978701033379373 2.3704718061099265
0.5805168558300181 2.3490429288328337
0.5625908533757991 2.3277809436290062
0.5442216393357708 2.3069006765246784
0.5253909487779486 2.2864350535947620
0.5060805926975124 2.2664213888418805
0.4862681583851648 2.2468973860654078
0.4659383478966730 2.2279127068924848
0.4450721482751720 2.2095180685969605
0.4236524968375078 2.1917709692013842
0.4016010944177529 2.1746881321065693
0.3789631062908844 2.1583906118825070
0.3557269870882868 2.1429554012396764
0.3318882483020550 2.1284682518904194
0.3074340597590420 2.1150138792027520
0.2823867543692521 2.1026988487754053
0.2567640788324621 2.0916254082488665
0.2306000000000000 2.0819000000000001
0.1896932169718282 2.0698807454489835
0.1478702263679930 2.0615943207297466
0.1054414152653101 2.0573163862410140
0.0627976081199047 2.0572141745855476
0.0203621006403487 2.0613113510967233
-0.0214794031920447 2.0694873958284381
-0.0623763038739797 2.0814949424049006
-0.1020770655253754 2.0970058155096950
-0.1398488519906129 2.1153504877007844
-0.1761979723960651 2.1363737200004088
-0.2110842471912219 2.1597281660847045
-0.2445259924070604 2.1851079217554435
-0.2765204063512671 2.2122023435304070
-0.3071700981770077 2.2408091015770643
-0.3365383982211154 2.2707243088643300
-0.3646980642287347 2.3017799023196183
-0.3904127663618022 2.3322301766027741
-0.4151563931248544 2.3634746648258603
-0.4389837079191099 2.3954217295427437
-0.4619478929472731 2.4279947564257579
-0.4840931436433983 2.4611197447071333
-0.5054697875908363 2.4947458665557788
-0.5261194547269043 2.5288225089173103
-0.5460812365487797 2.5633066150237758
-0.5653735535599402 2.5981281996827541
-0.5840477503142218 2.6332851425163380
-0.6021340292256767 2.6687477574580956
-0.6196605574783181 2.7044903280256930
-0.6366522534838134 2.7404878230865781
-0.6531339964213310 2.7767216406268704
-0.6691278563803316 2.8131732469524845
-0.6846543799619061 2.8498263535817524
-0.6988426240884775 2.8844583122809875
-0.7126481512145821 2.9192446063565442
-0.7260846122531325 2.9541750234787700
-0.7391649130264268 2.9892403661585917
-0.7519009178815828 3.0244315690734457
-0.7643041574102885 3.0597414293317154
-0.7763852856595999 3.0951627338701973
-0.7881543584227569 3.1306889411161124
-0.7996196886785948 3.1663107755073568
-0.8107911668302895 3.2020258557841654
-0.8216772225209523 3.2378289266763450
-0.8322858493087286 3.2737151793573971
-0.8426243635157932 3.3096798886583923
-0.8526999542616919 3.3457191403464605
-0.8625193764664218 3.3818290033722438
-0.8720888637710875 3.4180059044681283
-0.8814084851380297 3.4542331623088083
-0.8904856776871149 3.4905219226693539
-0.8993268373449609 3.5268688855726938
-0.9079386910819455 3.5632708606785185
-0.9163273932631792 3.5997247172314386
-0.9244989907055332 3.6362278537693641
-0.9324596275230873 3.6727775580864061
-0.9402148749143885 3.7093713931150543
-0.9477664247117451 3.7460068890107043
-0.9551164166612211 3.7826833539740126
-0.9622700695057229 3.8193986047116882
-0.9692323092530497 3.8561506332740790
-0.9760051426830244 3.8929379776637289
-0.9825902887601575 3.9297593821868553
-0.9889892191155937 3.9666136042299731
-0.9952000000000000 4.0034999999999998
-1.0024074814306317 4.0480463236105388
-1.0092717115001142 4.0926468290038747
-1.0157906394912567 4.1372991079998895
-1.0219672014053613 4.1820000310844622
-1.0278060479580029 4.2267461219484386
-1.0333129750070878 4.2715342736310945
-1.0384974666561250 4.3163608558109847
-1.0433700226623591 4.3612224164342566
-1.0479382201961022 4.4061137040197337
-1.0522098766965416 4.4510341790899236
-1.0561961076826841 4.4959808449597264
-1.0599085486754686 4.5409509527221241
-1.0633582144455806 4.5859416820657055
-1.0665562351297648 4.6309509987067790
-1.0695139094964795 4.6759767185110971
-1.0722415773619813 4.7210169572934570
-1.0747432822440911 4.7660576068525115
-1.0770233182285122 4.8111100216149688
-1.0790897108761546 4.8561727212605195
-1.0809508059366480 4.9012443664833772
-1.0826146453866551 4.9463235675806078
-1.0840888874913888 4.9914093673793979
-1.0853812818114019 5.0365007309044237
-1.0864992446519057 5.0815967563025858
-1.0874485584554900 5.1266957304387672
-1.0882349624605341 5.1717978394091301
-1.0888654155517344 5.2169023859839217
-1.0893466775379052 5.2620087711163885
-1.0896840575241560 5.3071163822415451
-1.0898827953983369 5.3522248172612932
-1.0899480726361111 5.3973336362912714
-1.0898835145607320 5.4424424563562211
-1.0896835905400895 5.4875185345959263
-1.0893412716298563 5.5325937563574413
-1.0888581152707233 5.5776676851030775
-1.0882369430737378 5.6227399230965003
-1.0874806212034660 5.6678100574258724
-1.0865917875429185 5.7128777732096014
-1.0855739286090728 5.7579427546073271
-1.0844304832752625 5.8030047243596046
-1.0831636540622297 5.8480631270073524
-1.0817752987618870 5.8931179488911594
-1.0802682627148821 5.9381689534509176
-1.0786453755146228 5.9832159334454251
-1.0769090979091703 6.0282586572083549
-1.0750618426273708 6.0732969661445335
-1.0731060220521305 6.1183306885229582
-1.0710436237310834 6.1633596558500568
-1.0688742203049241 6.2083824796557212
-1.0665971341978411 6.2533999857341600
-1.0642140661614534 6.2984120037697059
-1.0617269927186650 6.3434183949446107
-1.0591376225812702 6.3884189989534597
-1.0564475613503439 6.4334136960792714
-1.0536585813832688 6.4784023682971820
-1.0507721894020435 6.5233848957775056
-1.0477872545547662 6.5683609256313478
-1.0447033274202505 6.6133302762035453
-1.0415229267226457 6.6582929041598638
-1.0382484304522728 6.7032487773636061
-1.0348796397122957 6.7481976822491430
-1.0314162153249044 6.7931393944213736
-1.0278575776822670 6.8380736698782736
-1.0242000000000000 6.8830000000000000
-1.0211191841601342 6.9196546739116154
-1.0179225606909757 6.9562994299375798
-1.0146021409640875 6.9929331856922912
-1.0111545211033200 7.0295551895308880
-1.0075763193421491 7.0661647074162295
-1.0038643864000600 7.1027609077855877
-1.0000197473930616 7.1393434029875038
-0.9960433152256342 7.1759118072664739
-0.9919309560754621 7.2124654662069798
-0.9876773310644232 7.2490029559125453
-0.9832813593707405 7.2855235947325909
-0.9787422111349657 7.3220267146026725
-0.9740585478392974 7.3585115994735786
-0.9692287964183187 7.3949774331692726
-0.9642515400816564 7.4314234305108327
-0.9591246770010656 7.4678486838087127
-0.9538423103919600 7.5042564775454633
-0.9483992919061393 7.5406406003400806
-0.9427920522333336 7.5769997851775779
-0.9370170409089265 7.6133327000482369
-0.9310704155852772 7.6496380115402010
-0.9249480082596995 7.6859140935200417
-0.9186455569620536 7.7221593408101813
-0.9121584855015557 7.7583720008526163
-0.9054812098813917 7.7945511762220553
-0.8986083211901386 7.8306937016063986
-0.8915343977007028 7.8667974350321789
-0.8842535994552566 7.9028600186573617
-0.8767591328839281 7.9388790052837915
-0.8690439258142285 7.9748513558694197
-0.8611002584881568 8.0107739763483214
-0.8529191052158295 8.0466432562936059
-0.8442793523612588 8.0833137517359518
-0.8353583931410812 8.1199168534073553
-0.8261452008661413 8.1564475429382636
-0.8166286063691350 8.1929003702453215
-0.8067961725265256 8.2292698546640600
-0.7966343784343884 8.2655486927516168
-0.7861289115220520 8.3017295890828896
-0.7752640490098686 8.3378041903554172
-0.7640192707726821 8.3737713831454572
-0.7523771640596665 8.4096119376345016
-0.7403160117038520 8.4453138147913987
-0.7278117928066294 8.4808629348711796
-0.7148369909341325 8.5162451484156812
-0.7013622013100741 8.5514399855871562
-0.6873535089724965 8.5864260872041192
-0.6727728766428190 8.6211777192266319
-0.6571379894755543 8.6566365530759085
-0.6407992979370256 8.6917766406326080
-0.6236941210111117 8.7265511018291161
-0.6057506152845818 8.7609004952941577
-0.5868767060689789 8.7947656692187408
-0.5669805431242126 8.8280405419321921
-0.5459436291272299 8.8606099703022688
-0.5236294965582548 8.8923179961405989
-0.4992956438138575 8.9236755823777344
-0.4732509431423789 8.9536273464482945
-0.4452447099405284 8.9817786567388940
-0.4150317898826325 9.0075473359989812
-0.3820080209990603 9.0303690599185233
-0.3463690166127837 9.0488423314287444
-0.3082247435426249 9.0616204934552831
-0.2684000000000000 9.0672999999999995
-0.2459910264044269 9.0670859614812660
-0.2237346922394636 9.0644661333128397
-0.2018789696876560 9.0595344860409508
-0.1806204358952305 9.0524585766243296
-0.1601623190937126 9.0434840452022322
-0.1405276451745228 9.0328277636088317
-0.1217605986033422 9.0207210434812182
-0.1038581089088738 9.0073690559140927
-0.0870527100761148 8.9931844464867502
-0.0710279490101911 8.9781235166577386
-0.0557441278863868 8.9623149994158666
-0.0411550965002906 8.9458631129359970
-0.0272264619275998 8.9288687414079450
-0.0139052375872752 8.9113941739807448
-0.0011522100451873 8.8935020003149959
0.0110702923817825 8.8752433030888166
0.0224237587035021 8.8572720025174311
0.0333440077659599 8.8390342120218861
0.0438570635211095 8.8205591516780142
0.0539869581444120 8.8018712563727269
0.0637543432084265 8.7829941466588772
0.0731803441147598 8.7639442755556057
0.0822830282480095 8.7447380214671717
0.0910790908319576 8.7253894210640812
0.0995799573060452 8.7059212617784828
0.1078044792421133 8.6863347563295052
0.1157650301398114 8.6666395931218284
0.1234729963559365 8.6468442128228055
0.1309393994955468 8.6269572008413479
0.1381745532532416 8.6069848957291097
0.1451875940018958 8.5869335831988948
0.1519879873121383 8.5668091571063911
0.1583506398899498 8.5473738849328529
0.1645496869900168 8.5278858124951644
0.1705932890783447 8.5083490092366179
0.1764881744717604 8.4887668200340878
0.1822404569955618 8.4691424959870172
0.1878561838194208 8.4494786596172278
0.1933403911712993 8.4297777562761817
0.1986977542126985 8.4100419820584245
0.2039328783636833 8.3902746397140200
0.2090509211085489 8.3704766603550339
0.2140560542903622 8.3506498481215679
0.2189521916240171 8.3307958389365495
0.2237429995270463 8.3109162452983638
0.2284319720585404 8.2910123858690466
0.2330223663941910 8.2710855692297145
0.2375172737970689 8.2511369966247914
0.2419188759751220 8.2311723748821846
0.2462311468344762 8.2111882676192926
0.2504565427788063 8.1911856170307166
0.2545973191373338 8.1711652780574704
0.2586556315948880 8.1511281020344990
0.2626335223759531 8.1310748053500984
0.2665328724806160 8.1110060925009969
0.2703555114918312 8.0909226267231895
0.2741036431833772 8.0708253944653696
0.2777793989101067 8.0507147988640617
0.2813842293103839 8.0305913715612204
0.2849195124417672 8.0104556097974216
0.2883870513059441 7.9903080977597998
0.2917885111085000 7.9701493245259871
0.2951254771631180 7.9499797781186524
0.2984000000000000 7.9298000000000002
0.3104261917184084 7.8530197393527020
0.3218448212199062 7.7761467752325219
0.3326657147492478 7.6991874361748328
0.3428976984562286 7.6221475885997643
0.3525487044235499 7.5450330883864873
0.3616259619328668 7.4678489484649055
0.3701358105719692 7.3906002150032035
0.3780838742935550 7.3132916603124377
0.3854750727983021 7.2359292640566414
0.3923139569317880 7.1585160879586141
0.3986041898386872 7.0810564139117098
0.4043488138974483 7.0035543660168367
0.4095502943239211 6.9260140495383912
0.4142105179347378 6.8484393217328640
0.4183307820959555 6.7708340459623786
0.4219118511059650 6.6932020206833944
0.4249541623331013 6.6155472631242041
0.4274576011364505 6.5378732660380667
0.4294212219917012 6.4601837439735052
0.4308434744734621 6.3824824258163383
0.4317222612899490 6.3047729868024745
0.4320548961207456 6.2270592908912158
0.4318380694343282 6.1493451728418460
0.4310678827346358 6.0716345688649695
0.4297401808077399 5.9939301810950777
0.4278500191466758 5.9162374403788729
0.4253912612752515 5.8385605909155294
0.4223570649505704 5.7609040903152287
0.4187403193886163 5.6832722740717363
0.4145330166051748 5.6056702229067592
0.4097263413825090 5.5281029543051295
0.4043112182426819 5.4505757866386006
0.3892917613956919 5.2697680538927191
0.3708418959309079 5.0892781019036511
0.3487714289192714 4.9091927759286711
0.3228482059591763 4.7296215737358146
0.2927804336604929 4.5506592214346616
0.2582211114687202 4.3725097119719277
0.2187297790115706 4.1953804643077074
0.1737541888488307 4.0195637074076694
0.1215232408484897 3.8420849903837397
0.0618691441978183 3.6669617318534497
-0.0065536149488361 3.4950220542031969
-0.0855649766113244 3.3276836800986498
-0.1792550671977517 3.1649291408578353
-0.2904847107605610 3.0136187330516529
-0.4256850203381739 2.8815505131711075
-0.5895409981143955 2.7873573236121122
-0.7988403692121494 2.7603802912048385
-0.9992522046015552 2.8264793324631510
-1.1655093205248854 2.9494223289091925
-1.3046904075863632 3.1023439885086762
-1.4174877734119832 3.2626313165250058
-1.5159627919614415 3.4320950116974440
-1.6029666727500149 3.6075943871791739
-1.6805817905911622 3.7874432113322785
-1.7467012633707195 3.9606275498643388
-1.8066210111267113 4.1360533849693546
-1.8610341583478782 4.3132527569930221
-1.9104876518599313 4.4918997833202123
-1.9553992591033235 4.6716867577156787
-1.9961284922794047 4.8524671166940512
-2.0329531404693928 5.0340800035717098
-2.0661000000000000 5.2164000000000001
