1.5000000000000000 0.0000000000000000
1.5055490875491685 -0.0070372104704152
1.5112524642552610 -0.0139499666487900
1.5171180349503210 -0.0207258347096728
1.5231503463993441 -0.0273536945557488
1.5293549406885397 -0.0338224908135155
1.5357361258400616 -0.0401171545360675
1.5422962455615532 -0.0462253307960030
1.5490364988880682 -0.0521341355039914
1.5559680810711167 -0.0578351173794960
1.5630833094012509 -0.0633051769509488
1.5703792296341839 -0.0685320100360367
1.5778511220536234 -0.0735040377729879
1.5854941360522138 -0.0782104368196979
1.5933006351189314 -0.0826403834662003
1.6012623599371204 -0.0867850069216054
1.6093702054762823 -0.0906359556853198
1.6176297964663432 -0.0941866777981964
1.6260187896254847 -0.0974198286795880
1.6345246799554670 -0.1003314620799185
1.6431342537710166 -0.1029204808280560
1.6518332201714918 -0.1051875652988105
1.6606090979042341 -0.1071358102664908
1.6694486308007864 -0.1087703399049336
1.6783394650180911 -0.1100977795037789
1.6872597969133034 -0.1111230423061129
1.6962089911350005 -0.1118547579045079
1.7051767031897911 -0.1123026331994457
1.7141538982486764 -0.1124770483713167
1.7231310219412722 -0.1123876256286817
1.7321020249401136 -0.1120443306915743
1.7410602568830600 -0.1114573201091204
1.7500000000000000 -0.1106354357068707
1.7585991098161322 -0.1096184500592822
1.7671688326359618 -0.1083779661905460
1.7757042240599679 -0.1069203372849477
1.7842011783326781 -0.1052531969564499
1.7926553402555746 -0.1033845054367060
1.8010642435690310 -0.1013216901566929
1.8094252627646577 -0.0990729527934938
1.8177363974322099 -0.0966463291605217
1.8259911296159805 -0.0940502463027130
1.8341923699487869 -0.0912898284658746
1.8423388801174600 -0.0883720201518285
1.8504298260624478 -0.0853034981947461
1.8584641053003955 -0.0820907463253019
1.8664416789778348 -0.0787396665487282
1.8743622522856000 -0.0752561050383935
1.8822257119463871 -0.0716454701242621
1.8900121892563483 -0.0679213096206932
1.8977408156048581 -0.0640785326144120
1.9054116117227678 -0.0601216431632060
1.9130247940280243 -0.0560550054367132
1.9205804146324731 -0.0518828746432217
1.9280789870793901 -0.0476090602655599
1.9355208936830141 -0.0432373649590204
1.9429065824982989 -0.0387713494559058
1.9502352253806632 -0.0342148603590632
1.9575082519109618 -0.0295701123059985
1.9647260591718137 -0.0248400391487285
1.9718890743956743 -0.0200273946957618
1.9789975821225917 -0.0151348006180542
1.9860520246851201 -0.0101645693311972
1.9930527307995947 -0.0051189481352477
2.0000000000000000 0.0000000000000000
2.0119585599582205 0.0090740110318176
2.0237567854273451 0.0183555361360018
2.0353953599661837 0.0278363959420273
2.0468751823271713 0.0375088722804725
2.0581968996768595 0.0473652568002997
2.0693619497162313 0.0573987635236365
2.0803714658419195 0.0676026276768707
2.0912267268949594 0.0779704430904380
2.1019270840015248 0.0884939730060623
2.1124760588039131 0.0991692460569795
2.1228750415468552 0.1099906353767701
2.1331254998839047 0.1209528163996732
2.1432287579276140 0.1320504440375297
2.1531865206760420 0.1432788064885870
2.1630002952843419 0.1546331971164103
2.1726716757162632 0.1661091179567073
2.1821932177406887 0.1776904477648367
2.1915764737100093 0.1893840986088535
2.2008229926777732 0.2011861419649059
2.2099342841775216 0.2130928924706471
2.2189117568597398 0.2251006546109587
2.2277569998492248 0.2372061510417228
2.2364714356426316 0.2494061300313669
2.2450565161493715 0.2616974794787613
2.2535134678084303 0.2740759728744856
2.2618446589919659 0.2865394548749149
2.2700512694476612 0.2990853035030731
2.2781344648504919 0.3117110203164600
2.2860958090582146 0.3244137897596902
2.2939368641246781 0.3371911607164399
2.3016590777742656 0.3500406889760659
2.3092645106071226 0.3629596808705484
2.3167308769196631 0.3758921619153906
2.3240944697228867 0.3888834356372608
2.3313567506037832 0.4019316068600374
2.3385182948074458 0.4150353384076125
2.3455795286523625 0.4281933638243035
2.3525407688638068 0.4414045632777013
2.3594016413822753 0.4546681633522447
2.3661616879879007 0.4679834338542613
2.3728216825293931 0.4813489189185679
2.3793823177427835 0.4947634552092391
2.3858427178922368 0.5082265536433532
2.3922018831643042 0.5217377640473190
2.3984595323857869 0.5352962933719105
2.4046152765909372 0.5489013918465886
2.4106686652298440 0.5625523379101226
2.4166202629670586 0.5762479695792916
2.4224760564083428 0.5899814442817019
2.4282440616784451 0.6037520201386805
2.4339242479361716 0.6175590530542382
2.4395156054736754 0.6314022967038155
2.4450177357199123 0.6452812600368761
2.4504301301493423 0.6591954631037883
2.4557515637396780 0.6731447090457230
2.4609817037517181 0.6871284407815434
2.4661272731056004 0.7011429754938182
2.4711942764557797 0.7151861070614723
2.4761813163783818 0.7292578385446977
2.4810866547202249 0.7433582587468643
2.4859147710289461 0.7574851968638073
2.4906718048210177 0.7716362292343296
2.4953634123407144 0.7858090672306083
2.5000000000000000 0.8000000000000000
2.5083303284529922 0.8257309026371139
2.5166037953404485 0.8514801447292130
2.5248193659582163 0.8772479191569470
2.5329755908508469 0.9030345396225091
2.5410707563103647 0.9288404201266294
2.5491024940300867 0.9546661120169060
2.5570670566302626 0.9805126047973677
2.5649606400617565 1.0063808630895803
2.5727810706404498 1.0322716286697457
2.5805266164246203 1.0581848954894379
2.5881944801417787 1.0841212595206473
2.5957817332263469 1.1100813193005292
2.6032853109976136 1.1360657367683837
2.6107019981627053 1.1620750885866885
2.6180284089857059 1.1881100202315100
2.6252609741371168 1.2141711783529080
2.6323972911420780 1.2402638931888187
2.6394321093682619 1.2663841558296882
2.6463611238064516 1.2925326937912826
2.6531797626137103 1.3187102307921108
2.6598832461861577 1.3449175950548899
2.6664664795670969 1.3711554240782704
2.6729240944605682 1.3974244659262788
2.6792504327431828 1.4237254315674624
2.6854400326292223 1.4500601381883710
2.6914864414492915 1.4764280895676340
2.6973828476848403 1.5028300097037109
2.7031220723242676 1.5292665430222946
2.7086968720151222 1.5557384534177160
2.7140994093707562 1.5822460565099864
2.7193215156729509 1.6087898226908847
2.7243550333197462 1.6353699960800299
2.7292395108457169 1.6622372963086920
2.7339202227302398 1.6891408440028692
2.7383865215175584 1.7160808613437266
2.7426266174959099 1.7430574056976217
2.7466281594792019 1.7700708785281598
2.7503780183266079 1.7971204369577312
2.7538619598294982 1.8242056003938379
2.7570649355421146 1.8513254247542678
2.7599722893605730 1.8784850476378488
2.7625670326348592 1.9056763169856484
2.7648315475490831 1.9328971857653560
2.7667473153728711 1.9601448197647355
2.7682953891485445 1.9874169944886081
2.7694555960629280 2.0147084211002782
2.7702070884984020 2.0420143137396175
2.7705289199509185 2.0693286495036055
2.7704042063820162 2.0967457506235401
2.7698131677609951 2.1241567641152637
2.7687306207401139 2.1515530028602665
2.7671302656499749 2.1789238754990970
2.7649862459301982 2.2062598746817278
2.7622736747820861 2.2335453218951786
2.7589677888181558 2.2607655321367081
2.7550460107819252 2.2879038516247330
2.7504914662476640 2.3149588976058916
2.7452924793272835 2.3418975301613664
2.7394312482351010 2.3687001135278757
2.7328941877234179 2.3953459264241121
2.7256780752944832 2.4218166550646353
2.7177840637785804 2.4480931909005104
2.7092184267236445 2.4741584232942675
2.7000000000000002 2.5000000000000000
2.6874608176176371 2.5324856280086186
2.6740689624462099 2.5646291395933853
2.6598523354404666 2.5964162361873053
2.6448323030477194 2.6278316881212257
2.6290311701801529 2.6588599299673462
2.6124710789269272 2.6894898331608706
2.5951704743080208 2.7197075168609539
2.5771480008690158 2.7495002975220196
2.5584349641542252 2.7788498885044404
2.5390512284865979 2.8077609076060227
2.5190179573574492 2.8362255162026286
2.4983558145948160 2.8642369737003832
2.4770872090263972 2.8917890282987176
2.4552327482074572 2.9188787281443783
2.4328134007185759 2.9455026139746346
2.4098506617692675 2.9716592777235849
2.3864371088989481 2.9972820890594866
2.3625360942447915 3.0224508080826758
2.3381692517778430 3.0471685866250338
2.3133569064130123 3.0714391264907742
2.2881198627748657 3.0952657958255322
2.2624764511400193 3.1186545534434015
2.2364450572199553 3.1416105058579941
2.2100432049336190 3.1641394076628549
2.1832955731447729 3.1862423343934195
2.1562120773776444 3.2079324112351538
2.1288082296109430 3.2292161319610829
2.1010986739345770 3.2501002925757271
2.0730986394271148 3.2705918204583518
2.0448211854725419 3.2906987905242385
2.0162794734756465 3.3104286893849329
1.9874863455701679 3.3297898365148348
1.9588121863258751 3.3485653481956429
1.9299217189998984 3.3670062848565044
1.9008259610400364 3.3851214491579758
1.8715348912870012 3.4029190765743198
1.8420584504036007 3.4204069014786266
1.8124051818868002 3.4375931824406853
1.7825834531814060 3.4544853566867287
1.7526010793228438 3.4710907266477453
1.7224686782560103 3.4874151295493618
1.6921905503680040 3.5034676276647441
1.6617734630170604 3.5192551479124202
1.6312237397336911 3.5347844558749558
1.6005476809990801 3.5500619878282712
1.5697507083816766 3.5650942877080890
1.5388382361786975 3.5798875480982879
1.5078153446075949 3.5944478258854661
1.4767019290976259 3.6087741709917097
1.4454876701200884 3.6228794474967057
1.4141769746141847 3.6367692827789600
1.3827739852619238 3.6504491744807743
1.3512828157018353 3.6639243615285897
1.3197070392119590 3.6772000824241655
1.2880502288176897 3.6902813492237513
1.2563157357720685 3.7031730184934029
1.2245077566322334 3.7158791546684767
1.1926281879133061 3.7284045900603063
1.1606799573208442 3.7407538014323010
1.1286658233017578 3.7529311444309731
1.0965884258663359 3.7649405375779392
1.0644501222283302 3.7767859750649955
1.0322532666241746 3.7884712957350912
1.0000000000000000 3.7999999999999998
0.9849136796256390 3.8053240262011250
0.9698090459076414 3.8105958719569542
0.9546855673236775 3.8158134192794890
0.9395431541918610 3.8209757568399256
0.9243817241304764 3.8260820121670578
0.9092011841906495 3.8311311717117189
0.8940017793871013 3.8361232546126183
0.8787837655010729 3.8410583180809255
0.8635469828203917 3.8459353443113548
0.8482913433128970 3.8507530610452412
0.8330170339602872 3.8555112551383778
0.8177242745761435 3.8602098131773794
0.8024132487309080 3.8648485100313628
0.7870841389123183 3.8694270920286890
0.7717371474496077 3.8739453756351108
0.7563724318002729 3.8784030147770395
0.7409892219727052 3.8827990493065001
0.7255881085227245 3.8871319431067228
0.7101691671169809 3.8914009657196766
0.6947324948243381 3.8956054224828294
0.6792781790955646 3.8997446067230349
0.6638063279177955 3.9038177556218530
0.6483170507996236 3.9078241333879682
0.6328104658278349 3.9117629899429905
0.6172866058541776 3.9156336976697870
0.6017457166012210 3.9194354562122695
0.5861878879962384 3.9231672979308195
0.5706132223495765 3.9268282354485891
0.5550218584952066 3.9304174682135496
0.5394139582906228 3.9339340958429939
0.5237896739509973 3.9373772065513968
0.5081492322966024 3.9407461614830118
0.4924784007891547 3.9440457766311260
0.4767927252695060 3.9472740894649097
0.4610922477761540 3.9504296483051181
0.4453769366313667 3.9535104827271207
0.4296467329281192 3.9565145965159836
0.4139016842752092 3.9594399086565248
0.3981417360043348 3.9622838930121308
0.3823668759850656 3.9650439669039004
0.3665767508896127 3.9677181338737153
0.3507719642347363 3.9703042387258706
0.3349525927652707 3.9727996243109372
0.3191187616832121 3.9752015519060018
0.3032705744710760 3.9775073548129312
0.2874083240714376 3.9797143385500005
0.2715322689450410 3.9818197847355842
0.2556427521577434 3.9838211058699748
0.2397360096646536 3.9857169612911953
0.2238167891235676 3.9875050166270007
0.2078855654397781 3.9891828426550203
0.1919428758712879 3.9907479744596902
0.1759892358384091 3.9921980448783856
0.1600253653928296 3.9935307770024821
0.1440519546770449 3.9947439289469307
0.1280697679004996 3.9958353928149013
0.1120791495646635 3.9968033737686915
0.0960814460069132 3.9976461921166302
0.0800775619444060 3.9983622518198593
0.0640684572965905 3.9989501420817702
0.0480550887868573 3.9994086864761765
0.0320385198104987 3.9997369428023976
0.0160197995492674 3.9999341962538928
0.0000000000000000 4.0000000000000000
-0.0160198020719189 3.9999341977292325
-0.0320385249213504 3.9997369500793202
-0.0480550966402486 3.9994087048844164
-0.0640684681463265 3.9989501773029947
-0.0800775761407825 3.9983623097205029
-0.0960814639985324 3.9976462786392881
-0.1120791718729475 3.9968034944379256
-0.1280697950964196 3.9958355526162498
-0.1440519875123810 3.9947441327101814
-0.1600254045635260 3.9935310294407248
-0.1759892820557913 3.9921983500657075
-0.1919429298317247 3.9907483357395344
-0.2078856278385301 3.9891832626780963
-0.2238168605861316 3.9875054973293103
-0.2397360907514601 3.9857175038374304
-0.2556428433533410 3.9838217107458025
-0.2715323715908872 3.9818204521764734
-0.2874084386351992 3.9797150689150221
-0.3032707013566576 3.9775081480249928
-0.3191189012138712 3.9752024074183260
-0.3349527451897813 3.9728005411173093
-0.3507721297012078 3.9703052153948708
-0.3665769294491670 3.9677191685374220
-0.3823670675862531 3.9650450572768805
-0.3981419405704268 3.9622850364871164
-0.4139019015764672 3.9594411023256375
-0.4296469626208254 3.9565158370644077
-0.4453771782537555 3.9535117664459563
-0.4610925007729854 3.9504309712054448
-0.4767929889801224 3.9472754472782773
-0.4924786744494096 3.9440471648072207
-0.5081495150626328 3.9407475753131637
-0.5237899667239314 3.9373786416186068
-0.5394142604609454 3.9339355488770090
-0.5550221694194202 3.9304189359384833
-0.5706135413227148 3.9268297144645980
-0.5861882142508995 3.9231687847057227
-0.6017460493046809 3.9194369470942125
-0.6172869440901883 3.9156351888075103
-0.6328108085937072 3.9117644772862127
-0.6483173970498037 3.9078256128002330
-0.6638066765376186 3.9038192229123149
-0.6792785288905344 3.8997460575418869
-0.6947328445173909 3.8956068523197729
-0.7101695153575620 3.8914023699352226
-0.7255884538834415 3.8871333169389560
-0.7409895629500405 3.8828003878704691
-0.7563727668246089 3.8784043131045808
-0.7717374749600970 3.8739466288806113
-0.7870844573360682 3.8694282954842156
-0.8024135564412102 3.8648496589415775
-0.8177245698859018 3.8602109027223609
-0.8330173151280276 3.8555122804518771
-0.8482916085449728 3.8507540172294070
-0.8635472302679891 3.8459362264274652
-0.8787839932664042 3.8410591211695106
-0.8940019855556933 3.8361239737998726
-0.9092013668462334 3.8311318022020920
-0.9243818813149913 3.8260825491640360
-0.9395432839104859 3.8209761955613351
-0.9546856675790909 3.8158137550432140
-0.9698091147082586 3.8105961001867061
-0.9849137149893346 3.8053241424395139
-1.0000000000000000 3.7999999999999998
-1.0322530980874360 3.7884710674637245
-1.0644497792733353 3.7767855061901992
-1.0965879025631978 3.7649398161257211
-1.1286651136644858 3.7529301587758429
-1.1606790553145102 3.7407525403216336
-1.1926270874680323 3.7284030426514861
-1.2245064516380663 3.7158773105270483
-1.2563142200903052 3.7031708676248204
-1.2880484962711052 3.6902788821384078
-1.3197050836784571 3.6771972901778759
-1.3512806310801004 3.6639212357357405
-1.3827715654904576 3.6504457073517943
-1.4141743136798601 3.6367654671613789
-1.4454847621070529 3.6228752769250080
-1.4766987682013986 3.6087696397360941
-1.5078119251659543 3.5944429289948932
-1.5388345509564807 3.5798822819016978
-1.5697467520226106 3.5650886488131433
-1.6005434484416888 3.5500559738839294
-1.6312192262819001 3.5347780656581845
-1.6617686643410444 3.5192483813893215
-1.6921854626478368 3.5034604860266082
-1.7224632982111846 3.4874076153161740
-1.7525954042854701 3.4710828437105727
-1.7825774804739197 3.4544771103143371
-1.8123989100259635 3.4375845790158803
-1.8420518788717669 3.4203979491727331
-1.8715280206479787 3.4029097853833523
-1.9008187927177660 3.3851118306460450
-1.9299142556456231 3.3669963522287034
-1.9588044318034273 3.3485551163618244
-1.9874783047364161 3.3297793215783901
-2.0162710609332190 3.3104179592257895
-2.0448124044778296 3.2906878586121143
-2.0730894952700096 3.2705807029082405
-2.1010891747917324 3.2500890089604520
-2.1287983864752717 3.2292047055066974
-2.1562019048826079 3.2079208684050262
-2.1832850900408800 3.1862307057251995
-2.2100324344515621 3.1641277275916775
-2.2364340236093994 3.1415988140522483
-2.2624651857112317 3.1186428898723238
-2.2881084019760608 3.0952542038669054
-2.3133452921965001 3.0714276525959735
-2.3381575309355552 3.0471572799824409
-2.3625243195469207 3.0224397196090422
-2.3864253387451301 2.9972712713887700
-2.4098389596618419 2.9716487839978430
-2.4328018141305760 2.9454925112808472
-2.4552213406962151 2.9188690607837625
-2.4770760508013590 2.8917798418047190
-2.4983449835481845 2.8642283148327803
-2.5190075375620038 2.8362174320490378
-2.5390413100429270 2.8077534433460964
-2.5584256428400550 2.7788430875841824
-2.5771393764265157 2.7494941999813238
-2.5951626434214548 2.7197021524613362
-2.6124641324312830 2.6894852246451791
-2.6290251998723603 2.6588560953986087
-2.6448273990617053 2.6278286395897402
-2.6598485777680485 2.5964139741686994
-2.6740664176583011 2.5646276556951961
-2.6874595356924675 2.5324849029499730
-2.7000000000000002 2.5000000000000000
-2.7092194384614425 2.4741587473527517
-2.7177859247528908 2.4480937574900705
-2.7256805878189130 2.4218173807848294
-2.7328971363558232 2.3953467346858734
-2.7394344075807601 2.3687009373010682
-2.7452956203923038 2.3418983139645687
-2.7504943726069375 2.3149596006290125
-2.7550484849157028 2.2879044465573096
-2.7589696439290760 2.2607660200178737
-2.7622747392284619 2.2335456962118186
-2.7649863719568371 2.2062601385580946
-2.7671293315587208 2.1789240391166419
-2.7687285303213821 2.1515530844339171
-2.7698098501723501 2.1241567827801140
-2.7703996155507595 2.0967457276565440
-2.7705230320365285 2.0693286064626622
-2.7701998965143428 2.0420143550954734
-2.7694470955071301 2.0147085675228870
-2.7682855891843967 1.9874172653357538
-2.7667362381390993 1.9601452323468912
-2.7648192267971332 1.9328977556239126
-2.7625535116829264 1.9056770566013720
-2.7599576202896073 1.8784859668328723
-2.7570491779378772 1.8513265305719485
-2.7538451796718842 1.8242068984722657
-2.7503602860631903 1.7971219290861520
-2.7466095498282467 1.7700725639617442
-2.7426072086210100 1.7430592812882425
-2.7383663940524537 1.7160829216803072
-2.7338994593106394 1.6891430816675325
-2.7292181956218893 1.6622397019560044
-2.7243332512190212 1.6353725586801152
-2.7192993621907099 1.6087925820808175
-2.7140769621234345 1.5822490003272958
-2.7086742079490729 1.5557415682171516
-2.7030992679547019 1.5292698143311385
-2.6973599789495990 1.5028334220057555
-2.6914635834939296 1.4764316266483175
-2.6854172598831390 1.4500637830680430
-2.6792278188268650 1.4237291666157167
-2.6729017116976005 1.3974282722260682
-2.6664443991720862 1.3711592830552948
-2.6598615381509372 1.3449214877532680
-2.6531584956687331 1.3187141379632456
-2.6463403654183405 1.2925365958548016
-2.6394119257090973 1.2663880330999185
-2.6323777470442511 1.2402677258431245
-2.6252421331517825 1.2141749464768723
-2.6180103329448219 1.1881136995356271
-2.6106847495241713 1.1620786586500619
-2.6032689504964324 1.1360691772874106
-2.5957663196810316 1.1100846101980455
-2.5881800705047204 1.0841243809001956
-2.5805132659077239 1.0581878277553865
-2.5727688325920206 1.0322743525289963
-2.5649495661461922 1.0063833595403282
-2.5570571957342596 0.9805148551078155
-2.5490938939881636 0.9546680979109310
-2.5410634663146082 0.9288421228137784
-2.5329696615898801 0.9030359397675216
-2.5248148482067516 0.8772489972258445
-2.5166007378272314 0.8514808817023053
-2.5083287773903702 0.8257312801363576
-2.5000000000000000 0.8000000000000000
-2.4953642420333474 0.7858087342872420
-2.4906734569943983 0.7716355620885471
-2.4859172289803356 0.7574841967872467
-2.4810898948265989 0.7433569291894141
-2.4761853064750333 0.7292561856234312
-2.4711989793430610 0.7151841389441140
-2.4661326539985358 0.7011407000358124
-2.4609877288660535 0.6871258659572750
-2.4557581909529580 0.6731418449345377
-2.4504373079946189 0.6591923246814064
-2.4450254114321512 0.6452778635326114
-2.4395237260372540 0.6313986592585995
-2.4339327595803287 0.6175551928768629
-2.4282529099464005 0.6037479565306312
-2.4224851869283597 0.5899771973291049
-2.4166296207176173 0.5762435604418536
-2.4106781859518795 0.5625477893930465
-2.4046248894812353 0.5488967336745074
-2.3984691681985965 0.5352915558208505
-2.3922114763643619 0.5217329769186601
-2.3858522068830395 0.5082217462314398
-2.3793916450515467 0.4947586558046166
-2.3728307963023468 0.4813441541443754
-2.3661705418303830 0.4679787285442990
-2.3594101912621002 0.4546635432043407
-2.3525489720305695 0.4414000530490160
-2.3455873475349974 0.4281889864065234
-2.3385256970009384 0.4150311146491093
-2.3313637071789889 0.4019275565425649
-2.3241009551482880 0.3888795771510330
-2.3167368691746607 0.3758885122666129
-2.3092699890012573 0.3629562568742142
-2.3016640513660299 0.3500375956885403
-2.2939412845552308 0.3371884335786117
-2.2860996300393902 0.3244114644049720
-2.2781376451146921 0.3117091306481845
-2.2700537732256581 0.2990838815407438
-2.2618464560363585 0.2865385300391926
-2.2535145358648921 0.2740755704447649
-2.2450568412069693 0.2616976200219619
-2.2364710112930184 0.2494068334807245
-2.2277558237738130 0.2372074312159147
-2.2189098354261647 0.2251025195528950
-2.2099316328052646 0.2130953436187170
-2.2008196359088278 0.2011891744686163
-2.1915724447930887 0.1893876996565227
-2.1821885593695665 0.1776945963224608
-2.1726664393699192 0.1661137845229729
-2.1629945707912302 0.1546383897589208
-2.1531803684039876 0.1432844847788486
-2.1432222489238049 0.1320565560565733
-2.1331187166406397 0.1209592968284067
-2.1228680785134122 0.1099974058356529
-2.1124690204412024 0.0991762124003984
-2.1019200861644317 0.0885010247159464
-2.0912198959292918 0.0779774523469396
-2.0803649440675854 0.0676094605437815
-2.0693558775890543 0.0574052609562782
-2.0581914276640705 0.0473712390323186
-2.0468704694594595 0.0375141378647631
-2.0353915717083967 0.0278407253774092
-2.0237540900295558 0.0183586885232047
-2.0119571281683557 0.0090757256159930
-2.0000000000000000 0.0000000000000000
-1.9930532115961277 -0.0051203107360172
-1.9860529736317273 -0.0101673018795911
-1.9789989802126104 -0.0151389020551317
-1.9718908994950820 -0.0200328595514205
-1.9647282859468876 -0.0248468576522294
-1.9575108524076264 -0.0295782700905733
-1.9502381713622455 -0.0342243422760745
-1.9429098455841683 -0.0387821397300098
-1.9355244408910052 -0.0432494430755702
-1.9280827835585690 -0.0476223983474257
-1.9205844255080450 -0.0518974436966697
-1.9130289847055678 -0.0560707757553748
-1.9054159474646309 -0.0601385837324123
-1.8977452617784182 -0.0640966108764921
-1.8900167114353093 -0.0679404918402631
-1.8822302754958804 -0.0716657202400769
-1.8743667982955636 -0.0752773892895590
-1.8664461660996927 -0.0787619283725110
-1.8584684924484149 -0.0821139256824561
-1.8504340729656166 -0.0853275321341861
-1.8423429470973139 -0.0883968427831455
-1.8341962187760990 -0.0913153703805563
-1.8259947235991384 -0.0940764353363253
-1.8177397017308738 -0.0966730902579804
-1.8094282404529469 -0.0991002073636737
-1.8010668634019291 -0.1013493538306567
-1.7926575739490965 -0.1034124917073982
-1.7842030009521010 -0.1052814171843611
-1.7757056134997001 -0.1069486995254346
-1.7671697711291581 -0.1084063753969278
-1.7585995837057696 -0.1096468081716677
-1.7500000000000000 -0.1106636395382749
-1.7410598646297379 -0.1114852237929282
-1.7321012394402672 -0.1120717865267321
-1.7231298502509246 -0.1124144863966814
-1.7141523560403418 -0.1125031705918386
-1.7051748149510564 -0.1123278785243961
-1.6962067898211584 -0.1118789948109086
-1.6872573238561270 -0.1111461497657936
-1.6783367689546417 -0.1101196493181604
-1.6694457801442940 -0.1087908778066056
-1.6606061525705196 -0.1071549376754841
-1.6518302432968694 -0.1052052232004971
-1.6431313088410212 -0.1029366312481687
-1.6345218316371266 -0.1003460894215139
-1.6260160949496000 -0.0974329385358760
-1.6176273058005860 -0.0941982969563665
-1.6093679597698321 -0.0906461296350291
-1.6012604978178549 -0.0867938474825775
-1.5932991745275138 -0.0826479641567317
-1.5854930819560807 -0.0782168446257470
-1.5778504650835364 -0.0735093709007902
-1.5703789478480588 -0.0685363751909724
-1.5630833666429116 -0.0633086843997140
-1.5559684288527413 -0.0578378796037145
-1.5490370782859059 -0.0521362636754400
-1.5422969874535378 -0.0462269261409451
-1.5357369629469252 -0.0401183114863934
-1.5293558034215864 -0.0338232953964457
-1.5231511649939607 -0.0273542238677832
-1.5171187409458558 -0.0207261544504804
-1.5112529934182163 -0.0139501342292349
-1.5055493793501869 -0.0070372744825260
-1.5000000000000000 0.0000000000000000
-1.4950710444068312 0.0064077955965030
-1.4901639218863589 0.0128323264132293
-1.4852776883282824 0.0192727570605943
-1.4804120608387203 0.0257287693313700
-1.4755668798892631 0.0322001378369320
-1.4707420404600952 0.0386866864762709
-1.4659379664547046 0.0451886304248961
-1.4611551635382038 0.0517062372266481
-1.4563934896774526 0.0582393222034849
-1.4516527292762224 0.0647875989301405
-1.4469332973556136 0.0713512650336487
-1.4422356858081843 0.0779305656135784
-1.4375603460686241 0.0845257215004463
-1.4329077781640702 0.0911369615313267
-1.4282785492097407 0.0977645658247173
-1.4236731583151673 0.1044087568281090
-1.4190911426325986 0.1110696961113234
-1.4145326245622978 0.1177467383346972
-1.4099981400536753 0.1244401267771191
-1.4054883355988001 0.1311501686830145
-1.4010038715247521 0.1378771879747192
-1.3965454448025982 0.1446214920711831
-1.3921138459852263 0.1513834567863014
-1.3877098964781607 0.1581634614784717
-1.3833342373407581 0.1649619195318359
-1.3789876945599114 0.1717790296706232
-1.3746711929709165 0.1786152036785099
-1.3703856951201384 0.1854708560329455
-1.3661321304108861 0.1923463920462295
-1.3619114835806104 0.1992421841356016
-1.3577247539552748 0.2061586242488524
-1.3535728926196770 0.2130960514553761
-1.3494449485477015 0.2200738334290035
-1.3453529700964308 0.2270727673397625
-1.3412980046650279 0.2340932137856403
-1.3372812255308442 0.2411355783272199
-1.3333038615075794 0.2482003173634574
-1.3293672438377845 0.2552878418639835
-1.3254728204886155 0.2623986437922038
-1.3216221456156660 0.2695332313982093
-1.3178166461022916 0.2766924971174514
-1.3140582584032749 0.2838766069501925
-1.3103488778870851 0.2910861506625522
-1.3066905578985927 0.2983217376612767
-1.3030854810191025 0.3055840877565975
-1.2995360873375883 0.3128738142746273
-1.2960449860418045 0.3201916486739593
-1.2926150294305312 0.3275383408682909
-1.2892444665804021 0.3349254585410884
-1.2859417575217654 0.3423431613062595
-1.2827106568263204 0.3497923560639685
-1.2795553223928537 0.3572739587569324
-1.2764802582274977 0.3647891690091793
-1.2734906622806856 0.3723387862730768
-1.2705922151075427 0.3799239032281074
-1.2677913084437875 0.3875455773944521
-1.2650936981191676 0.3952090572729935
-1.2625090511487410 0.4029113702600493
-1.2600465913532247 0.4106536940685242
-1.2577169187090553 0.4184370038767498
-1.2555319089455925 0.4262633234332349
-1.2535059911690460 0.4341323260783815
-1.2516555647978734 0.4420446355311720
-1.2500000000000000 0.4500000000000000
-1.2460937635615519 0.4570312575341871
-1.2421875165783987 0.4640625092102210
-1.2382812571778581 0.4710937539876965
-1.2343750007476239 0.4781250004153466
-1.2304687505463268 0.4851562503035149
-1.2265625003969444 0.4921875002205247
-1.2226562495385597 0.4992187497436443
-1.2187499995532193 0.5062499997517885
-1.2148437494343311 0.5132812496857395
-1.2109375001620827 0.5203125000900459
-1.2070312491788569 0.5273437495438093
-1.2031249994827210 0.5343749997126228
-1.1992187503645055 0.5414062502025031
-1.1953124996405428 0.5484374998003016
-1.1914062492788147 0.5554687495993415
-1.1874999994861858 0.5624999997145477
-1.1835937500204239 0.5695312500113466
-1.1796874996805844 0.5765624998225469
-1.1757812497361041 0.5835937498533912
-1.1718749997712513 0.5906249998729174
-1.1679687496101050 0.5976562497833917
-1.1640624994211921 0.6046874996784401
-1.1601562491923524 0.6117187495513069
-1.1562500000563168 0.6187500000312871
-1.1523437505104340 0.6257812502835745
-1.1484375000478990 0.6328125000266106
-1.1445312498241530 0.6398437499023072
-1.1406250000390713 0.6468750000217063
-1.1367187498285646 0.6539062499047581
-1.1328124997637024 0.6609374998687236
-1.1289062499411547 0.6679687499673082
-1.1250000000000000 0.6750000000000000
-1.1210937500661779 0.6820312500367655
-1.1171875001991762 0.6890625001106534
-1.1132812502994253 0.6960937501663474
-1.1093750003983524 0.7031250002213069
-1.1054687501898317 0.7101562501054621
-1.1015624996347628 0.7171874997970904
-1.0976562501992394 0.7242187501106885
-1.0937500002818325 0.7312500001565736
-1.0898437505540480 0.7382812503078044
-1.0859375008595588 0.7453125004775327
-1.0820312507391192 0.7523437504106218
-1.0781250004281371 0.7593750002378540
-1.0742187504781493 0.7664062502656385
-1.0703125005296671 0.7734375002942595
-1.0664062506015735 0.7804687503342075
-1.0625000006311970 0.7875000003506650
-1.0585937502933142 0.7945312501629525
-1.0546874993066681 0.8015624996148159
-1.0507812478405232 0.8085937488002910
-1.0468749953871061 0.8156249974372811
-1.0429687448542663 0.8226562471412591
-1.0390624931549578 0.8296874961971988
-1.0351562410809992 0.8367187450449993
-1.0312499904647076 0.8437499947026153
-1.0273437417687029 0.8507812454270571
-1.0234374927103743 0.8578124959502080
-1.0195312439438866 0.8648437466354925
-1.0156249951657905 0.8718749973143281
-1.0117187482325831 0.8789062490181014
-1.0078125019153632 0.8859375010640897
-1.0039062531064283 0.8929687517257934
-1.0000000000000000 0.9000000000000000
-0.9949193323297145 0.9174870223077106
-0.9888382702908992 0.9346518065372408
-0.9816379428961580 0.9513825330583236
-0.9732538238738136 0.9675525198466263
-0.9636428495418179 0.9830460851397506
-0.9528452956395831 0.9977373826600828
-0.9409346587734305 1.0115400738552623
-0.9280213362667854 1.0244095593393915
-0.9143576251282184 1.0362437163732130
-0.8999707494987717 1.0471873028238323
-0.8849894836809863 1.0572957726945192
-0.8695215674291659 1.0666425933013567
-0.8536777356398861 1.0752925705820842
-0.8375149864293934 1.0833308944548086
-0.8210949857351075 1.0908263866373828
-0.8044642894247797 1.0978419953845287
-0.7882314038506126 1.1041864813339941
-0.7718445518328574 1.1101219810581255
-0.7553277456113604 1.1156841906240324
-0.7387006950540260 1.1209076236692042
-0.7219826570927384 1.1258223317058811
-0.7051844059971979 1.1304554633133367
-0.6883175889502349 1.1348316325367804
-0.6713915950885903 1.1389730219369105
-0.6544243685516676 1.1428959025092489
-0.6374122667828356 1.1466193634996429
-0.6203611783119109 1.1501595749597840
-0.6032759644899169 1.1535312487106917
-0.5861611406695123 1.1567463642339835
-0.5690197406673921 1.1598166359155964
-0.5518549154606781 1.1627528856872558
-0.5346690971639762 1.1655636572132541
-0.5181056833850640 1.1681422796625224
-0.5015214968098170 1.1705837393457301
-0.4849181363718492 1.1728910760179207
-0.4682973876939379 1.1750696291473214
-0.4516611105779287 1.1771247831506647
-0.4350106113966680 1.1790613397010776
-0.4183474225046637 1.1808852983380341
-0.4016728930400819 1.1826024926469986
-0.3849891231643588 1.1842167695665813
-0.3682960043800742 1.1857313165262198
-0.3515945021211922 1.1871502918112319
-0.3348854739889390 1.1884777131604976
-0.3181697877837164 1.1897172894650166
-0.3014480638264867 1.1908725654599234
-0.2847209571214384 1.1919469709075848
-0.2679890381880152 1.1929436326322385
-0.2512568174671529 1.1938642490369029
-0.2345206815434728 1.1947107117710470
-0.2177810810065198 1.1954855262682450
-0.2010384233854918 1.1961912028420787
-0.1842931267113440 1.1968301050765259
-0.1675454921632176 1.1974044689096561
-0.1507958401674830 1.1979165045986479
-0.1340444546463353 1.1983682851282219
-0.1172918218165773 1.1987613687490598
-0.1005379443049035 1.1990972404291563
-0.0837830503755428 1.1993776929418494
-0.0670273434922328 1.1996044329617013
-0.0502710296368583 1.1997788648968300
-0.0335142619096083 1.1999022174598541
-0.0167572025512783 1.1999756479061585
0.0000000000000000 1.2000000000000000
0.0167572025512783 1.1999756479061597
0.0335142619096083 1.1999022174598540
0.0502710296368583 1.1997788648968302
0.0670273434922328 1.1996044329617013
0.0837830503755428 1.1993776929418492
0.1005379443049035 1.1990972404291560
0.1172918218165773 1.1987613687490591
0.1340444546463353 1.1983682851282219
0.1507958401674830 1.1979165045986479
0.1675454921632176 1.1974044689096560
0.1842931267113440 1.1968301050765261
0.2010384233854918 1.1961912028420786
0.2177810810065197 1.1954855262682438
0.2345206815434728 1.1947107117710467
0.2512568174671529 1.1938642490369028
0.2679890381880152 1.1929436326322385
0.2847209571214383 1.1919469709075835
0.3014480638264867 1.1908725654599235
0.3181697877837163 1.1897172894650153
0.3348854739889390 1.1884777131604976
0.3515945021211922 1.1871502918112322
0.3682960043800742 1.1857313165262198
0.3849891231643588 1.1842167695665815
0.4016728930400819 1.1826024926469985
0.4183474225046637 1.1808852983380344
0.4350106113966680 1.1790613397010776
0.4516611105779286 1.1771247831506644
0.4682973876939379 1.1750696291473214
0.4849181363718491 1.1728910760179203
0.5015214968098170 1.1705837393457302
0.5181056833850640 1.1681422796625224
0.5346690971639762 1.1655636572132541
0.5518549154606781 1.1627528856872559
0.5690197406673921 1.1598166359155963
0.5861611406695123 1.1567463642339833
0.6032759644899169 1.1535312487106917
0.6203611783119109 1.1501595749597838
0.6374122667828355 1.1466193634996429
0.6544243685516676 1.1428959025092488
0.6713915950885903 1.1389730219369105
0.6883175889502347 1.1348316325367799
0.7051844059971979 1.1304554633133366
0.7219826570927387 1.1258223317058822
0.7387006950540260 1.1209076236692042
0.7553277456113604 1.1156841906240324
0.7718445518328574 1.1101219810581255
0.7882314038506126 1.1041864813339942
0.8044642894247797 1.0978419953845286
0.8210949857351074 1.0908263866373827
0.8375149864293934 1.0833308944548086
0.8536777356398861 1.0752925705820841
0.8695215674291659 1.0666425933013567
0.8849894836809862 1.0572957726945191
0.8999707494987716 1.0471873028238322
0.9143576251282184 1.0362437163732129
0.9280213362667854 1.0244095593393915
0.9409346587734305 1.0115400738552623
0.9528452956395831 0.9977373826600828
0.9636428495418180 0.9830460851397506
0.9732538238738136 0.9675525198466263
0.9816379428961580 0.9513825330583236
0.9888382702908992 0.9346518065372408
0.9949193323297145 0.9174870223077106
1.0000000000000000 0.9000000000000000
1.0039062531064270 0.8929687517257927
1.0078125019153624 0.8859375010640892
1.0117187482622585 0.8789062490345877
1.0156249951657903 0.8718749973143279
1.0195312439464733 0.8648437466369296
1.0234374927136743 0.8578124959520413
1.0273437417693178 0.8507812454273987
1.0312499904647076 0.8437499947026153
1.0351562411639705 0.8367187450910946
1.0390624931549580 0.8296874961971989
1.0429687449677927 0.8226562472043294
1.0468749953871061 0.8156249974372811
1.0507812481222047 0.8085937489567808
1.0546874993066680 0.8015624996148159
1.0585937502933141 0.7945312501629525
1.0625000006311970 0.7875000003506650
1.0664062506015736 0.7804687503342076
1.0703125005296674 0.7734375002942597
1.0742187504781504 0.7664062502656391
1.0781250004281379 0.7593750002378544
1.0820312503894344 0.7523437502163524
1.0859375003507309 0.7453125001948505
1.0898437504196487 0.7382812502331382
1.0937500002818337 0.7312500001565743
1.0976562499196339 0.7242187499553522
1.1015624997101335 0.7171874998389631
1.1054687498152503 0.7101562498973613
1.1093750000700304 0.7031250000389058
1.1132812496459316 0.6960937498032954
1.1171875002871008 0.6890625001595005
1.1210937500833170 0.6820312500462872
1.1250000000000000 0.6750000000000000
1.1289062504329699 0.6679687502405389
1.1328125000416552 0.6609375000231418
1.1367187500879504 0.6539062500488614
1.1406250002002712 0.6468750001112618
1.1445312501116312 0.6398437500620173
1.1484375002534800 0.6328125001408222
1.1523437497768753 0.6257812498760418
1.1562500003066888 0.6187500001703827
1.1601562505237267 0.6117187502909593
1.1640625007407647 0.6046875004115360
1.1679687508955047 0.5976562504975026
1.1718750005783586 0.5906250003213103
1.1757812510310599 0.5835937505728111
1.1796875005877199 0.5765625003265111
1.1835937506840557 0.5695312503800310
1.1875000007214123 0.5625000004007846
1.1914062509555426 0.5554687505308570
1.1953125007761636 0.5484375004312020
1.1992187502151383 0.5414062501195213
1.2031250008309149 0.5343750004616194
1.2070312510894082 0.5273437506052268
1.2109375014895177 0.5203125008275098
1.2148437509987434 0.5132812505548575
1.2187500006848153 0.5062500003804529
1.2226562507372705 0.4992187504095947
1.2265625006372496 0.4921875003540276
1.2304687502355228 0.4851562501308460
1.2343750006664975 0.4781250003702764
1.2382812506345601 0.4710937503525334
1.2421875006562707 0.4640625003645949
1.2460937506460023 0.4570312503588901
1.2500000000000000 0.4500000000000000
1.2516555813813921 0.4420446458997174
1.2535060539975622 0.4341323542172716
1.2555320401807619 0.4262633762799047
1.2577171347719128 0.4184370875412365
1.2600469040315965 0.4106538143156764
1.2625094688581767 0.4029115316172741
1.2650942265024516 0.3952092635393970
1.2677919509594380 0.3875458316464851
1.2705929729523986 0.3799242090725494
1.2734915357322987 0.3723391455477295
1.2764812464358107 0.3647895830315530
1.2795564236019251 0.3572744283642584
1.2827118685270516 0.3497928816958217
1.2859430766225371 0.3423437429891544
1.2892458895016426 0.3349260959578281
1.2926165521966322 0.3275390333892333
1.2960466034766935 0.3201923968703420
1.2995377948592847 0.3128746169710366
1.3030872738355734 0.3055849435504424
1.3066924310489894 0.2983226449440376
1.3103508262733538 0.2910871076373645
1.3140602768186265 0.2838776116503982
1.3178187292535516 0.2766935474202354
1.3216242881411573 0.2695343250377652
1.3254750169639810 0.2623997783431098
1.3293694887833162 0.2552890147938454
1.3333061494262343 0.2482015260331467
1.3372835509163225 0.2411368199998306
1.3413003619891979 0.2340944856189820
1.3453553538181008 0.2270740664011298
1.3494473531198848 0.2200751566982338
1.3535753124671400 0.2130973958150778
1.3577271832160837 0.2061599863192062
1.3619139162083817 0.1992435603577325
1.3661345603810622 0.1923477787911118
1.3703881164799942 0.1854722496361909
1.3746735998523922 0.1786166004455376
1.3789900811819265 0.1717804258945050
1.3833365980442690 0.1649633115128402
1.3877122257265140 0.1581648455304513
1.3921161383142272 0.1513848291625536
1.3965476947763018 0.1446228490270736
1.4010060738261090 0.1378785257858249
1.4054904850287849 0.1311514836498246
1.4100002314977031 0.1244414151999344
1.4145346529861981 0.1177479965232933
1.4190931030852182 0.1110709203842837
1.4236750458857404 0.1044099434856501
1.4282803587415290 0.0977657108380135
1.4329095041635330 0.0911380606784508
1.4375619831182187 0.0845267705600706
1.4422372286118089 0.0779315604020960
1.4469347407062610 0.0713522013796222
1.4516540680347792 0.0647884726687117
1.4563947188002321 0.0582401291951077
1.4611562780380497 0.0517069733303640
1.4659389610913111 0.0451892912647842
1.4707429097856237 0.0386872674538200
1.4755676185343835 0.0322006343674034
1.4804126634706532 0.0257291768133680
1.4852781494006633 0.0192730706779727
1.4901642356082148 0.0128325410926831
1.4950712046624415 0.0064079059450187
1.5000000000000000 0.0000000000000000
