-2.0081000000000002 5.6374000000000004
-2.0134779408437424 5.6795368589847343
-2.0188558817888587 5.7216737179565298
-2.0239865187685023 5.7638414941142411
-2.0289434750661588 5.8060300395521542
-2.0337581024174236 5.8482350526654517
-2.0383779237666686 5.8904618334938101
-2.0428731915296139 5.9327020490116456
-2.0471789417503716 5.9749620035110320
-2.0513626632335086 6.0172338666820423
-2.0553665219298165 6.0595231449560574
-2.0592479246226035 6.1018238271218988
-2.0629600588534145 6.1441396995341693
-2.0665529449610027 6.1864658207911912
-2.0699815640604111 6.2288055650312950
-2.0732990307295839 6.2711541628397303
-2.0764527489981601 6.3135152697955705
-2.0794983402812633 6.3558820873136634
-2.0823906736748117 6.3982596434066670
-2.0851737784728407 6.4406445061482303
-2.0878114423245315 6.4830386683801162
-2.0903428976693041 6.5254392736313572
-2.0927336411711801 6.5678480455699830
-2.0950223924423959 6.6102624399977550
-2.0971755082755328 6.6526839360730374
-2.0992297376324803 6.6951101214988538
-2.1011539309081115 6.7375424034110338
-2.1029822894042112 6.7799789191328357
-2.1046853768925562 6.8224206468828230
-2.1062975872706729 6.8648659030644531
-2.1077859797631797 6.9073156814197727
-2.1091796426263476 6.9497686614000374
-2.1104704281177464 6.9922248939012395
-2.1116641300465384 7.0346743022976679
-2.1127461752397148 7.0771267035925476
-2.1137387826317709 7.1195812896529656
-2.1146206281894369 7.1620383208187057
-2.1154176354610060 7.2044970138374277
-2.1161059344726092 7.2469576082505966
-2.1167129955074801 7.2894194397988513
-2.1172145504391975 7.3318826486293540
-2.1176373252886569 7.3743466002024570
-2.1179582499903420 7.4168114436510324
-2.1182024328400197 7.4592767957013742
-2.1183481929627010 7.5017425996383089
-2.1184200746885808 7.5442085806826840
-2.1183956335591940 7.5866746155302529
-2.1183012140980669 7.6291405520788488
-2.1181111193867048 7.6716061681227110
-2.1178524450319331 7.7140707945631812
-2.1175028088385024 7.7565347694793703
-2.1170844368055883 7.7989981213122799
-2.1165779447908220 7.8414605134950381
-2.1160046775576432 7.8839220486041754
-2.1153448071488774 7.9263823261608373
-2.1146206657585660 7.9688415555951429
-2.1138111875746550 8.0112992438268158
-2.1129403506168378 8.0537556668168878
-2.1119843691870113 8.0962102579658417
-2.1109684702765287 8.1386634562765364
-2.1098701222315235 8.1811146014787042
-2.1087175025768239 8.2235643080529094
-2.1074736975652897 8.2660114406933811
-2.1061715532023547 8.3084568134165131
-2.1048000000000000 8.3508999999999993
-2.1032267220550628 8.3972558586571464
-2.1015785368889928 8.4436091144326770
-2.0998565436441227 8.4899596903243916
-2.0980517764211601 8.5363071170221048
-2.0961751061901452 8.5826516953929649
-2.0942135589026569 8.6289927589086819
-2.0921776962224033 8.6753306180750824
-2.0900547990057778 8.7216645714611865
-2.0878553867410224 8.7679950394085746
-2.0855661053612580 8.8143211536995292
-2.0831983852607699 8.8606433268805119
-2.0807374963604865 8.9069606438635116
-2.0781949850555382 8.9532735662064393
-2.0755561659574266 8.9995811009437290
-2.0728319874059453 9.0458836940137710
-2.0700087862510266 9.0921803548979980
-2.0670977018524298 9.1384725568848523
-2.0640841638419198 9.1847582022387488
-2.0609808103291097 9.2310379145776446
-2.0577712149549483 9.2773103801995518
-2.0544683813013967 9.3235763027703671
-2.0510555307611762 9.3698342399559120
-2.0475457305281212 9.4160849246771771
-2.0439218094396034 9.4623268075411566
-2.0401972282364738 9.5085608699279686
-2.0363541793425908 9.5547852358525063
-2.0324066407285338 9.6010007986973484
-2.0283360749312989 9.6472056880951751
-2.0241568124202745 9.6934008989502900
-2.0198498947968067 9.7395843830292250
-2.0154295671633743 9.7857571533271858
-2.0108774875243260 9.8319171206618243
-2.0062064568486355 9.8780830213707127
-2.0013979570555405 9.9242348062286787
-1.9964685376086268 9.9703738363998970
-1.9913965706506633 10.0164974142359835
-1.9861986460513686 10.0626070041738302
-1.9808525241528523 10.1086996465912762
-1.9753752359689070 10.1547768914152074
-1.9697437014102293 10.2008355387567100
-1.9639755034767960 10.2468776364172964
-1.9580466421038454 10.2928993211670594
-1.9519754539174417 10.3389024527711611
-1.9457368048040933 10.3848831737378831
-1.9393497201377141 10.4308435668118530
-1.9327879702508488 10.4767793482950449
-1.9260713036634789 10.5226927415340144
-1.9191724010765918 10.5685791058687357
-1.9121109824528235 10.6144453254603308
-1.9048590661991065 10.6602818113995212
-1.8974380511377632 10.7060912333058040
-1.8898181005109580 10.7518679845270686
-1.8820214234934289 10.7976150523794413
-1.8740167654466038 10.8433261871187874
-1.8658273619188868 10.8890045972703960
-1.8574203326514040 10.9346434550892990
-1.8488196551038117 10.9802470840900747
-1.8399910928636642 11.0258071446814512
-1.8309598745536905 11.0713274819116718
-1.8216898744435557 11.1167997933074378
-1.8122068188471259 11.1622282858213690
-1.8024746326789316 11.2076040594006798
-1.7925042460423084 11.2529280685469867
-1.7823000000000000 11.2981999999999996
-1.7732816084371303 11.3372574336852178
-1.7640593282690067 11.3762672281086328
-1.7546519340163193 11.4152328206623258
-1.7450237321935174 11.4541444410262390
-1.7352045556964757 11.4930084166726201
-1.7251601659784679 11.5318147958558850
-1.7149150598507133 11.5705686840456682
-1.7044354791953606 11.6092598256504740
-1.6937467126823439 11.6478948201288797
-1.6828137537848744 11.6864614240455129
-1.6716630469061603 11.7249656539917034
-1.6602581866763453 11.7633953710187971
-1.6486268414141530 11.8017573164097757
-1.6367306195207083 11.8400379505666269
-1.6245986484944143 11.8782445487971147
-1.6121906601864229 11.9163624015104759
-1.5995320896310700 11.9544125966373064
-1.5865843563778264 11.9923653694121324
-1.5733792139269878 12.0302293798535962
-1.5598723851588492 12.0679868248212632
-1.5460966933782229 12.1056472895407392
-1.5320057154909235 12.1431909258736965
-1.5176340345301171 12.1806280473146729
-1.5029328367154342 12.2179370014442004
-1.4879371760618457 12.2551315317619844
-1.4725966960681129 12.2921851766239953
-1.4569493674855378 12.3291103425249038
-1.4409413182430637 12.3658805631936897
-1.4246123643143278 12.4025098847699541
-1.4079054327612108 12.4389683594174709
-1.3908601533051872 12.4752699302845863
-1.3734247401449744 12.5113857435398188
-1.3554764568800659 12.5476492578718143
-1.3370985091774787 12.5836969260641567
-1.3183464461411739 12.6195514728045443
-1.2991515424671014 12.6551709065875126
-1.2795623373201543 12.6905758828522830
-1.2595097844805327 12.7257205044495105
-1.2390460927160954 12.7606274549601468
-1.2180988567770050 12.7952463974785715
-1.1967187737005575 12.8296089103516339
-1.1748336294143831 12.8636519816419934
-1.1525017326214942 12.8974038369007273
-1.1296441170688891 12.9308019020995388
-1.1063215076865089 12.9638784436226684
-1.0824523855678807 12.9965627933457455
-1.0580999010262684 13.0288888004947576
-1.0331849143804928 13.0607832777908079
-1.0077075251257550 13.0923601537858407
-0.9816393742246885 13.1234511166117542
-0.9550571147150286 13.1541039559154689
-0.9278703123558319 13.1842219049741320
-0.9001547384201061 13.2138566044648746
-0.8718205460557237 13.2429003989062259
-0.8429492084504861 13.2714106635465624
-0.8134505960895964 13.2992714100146596
-0.7833976909963402 13.3265591411098890
-0.7527098175983380 13.3531307763470739
-0.7214811040965440 13.3790650999371553
-0.6896189465997321 13.4042171298095241
-0.6572115729670082 13.4286661747459101
-0.6241972639008528 13.4522892368030771
-0.5906003656641543 13.4750749217580353
-0.5565000000000000 13.4970999999999997
-0.5390194333323553 13.5079361016728797
-0.5213617401423452 13.5184811091026749
-0.5035849270788533 13.5288235100566411
-0.4856744848731777 13.5389327335769760
-0.4676350062126023 13.5488104489888490
-0.4494513890872032 13.5584202419283564
-0.4311492478519092 13.5678023832325841
-0.4127077406330009 13.5769075334644089
-0.3941510810342773 13.5857793052092054
-0.3754580253060781 13.5943599588496404
-0.3566564952827611 13.6027003073291860
-0.3377245084367255 13.6107401343198298
-0.3186886073574105 13.6185312736795117
-0.2995285297525415 13.6260118357305107
-0.2802688613467554 13.6332321087433604
-0.2608947573445303 13.6401394427871061
-0.2414113464852550 13.6467674208866074
-0.2218288080806265 13.6530965268290014
-0.2021693042629714 13.6591844221390486
-0.1823822156304580 13.6648438994215855
-0.1625261527109835 13.6702547709766587
-0.1425872898228790 13.6753520753992923
-0.1225597766235784 13.6800878003869101
-0.1024793083277565 13.6845937041949153
-0.0823159628981665 13.6887194034909141
-0.0620933540663015 13.6925440584593190
-0.0418081702342143 13.6960219611646715
-0.0214708571744478 13.6991807881365908
-0.0010833383378520 13.7019983896474493
0.0193471488655408 13.7044853547092345
0.0398160613053187 13.7066335513564547
0.0603177780000199 13.7084420694991973
0.0808698731734617 13.7099061399979695
0.1014431108761282 13.7110348600133687
0.1220326274755480 13.7118130385075912
0.1426323003467636 13.7122457429859139
0.1632363062422225 13.7123317152972565
0.1838388801514394 13.7120740362455784
0.2044341934847644 13.7114698283477504
0.2250166862162210 13.7105248461039135
0.2455796853848011 13.7092330396708510
0.2661189457495015 13.7076068532305637
0.2866274649317390 13.7056308682243099
0.3071023577089174 13.7033324684426816
0.3275350184482257 13.7006856680298840
0.3479236879135617 13.6977189636721608
0.3682602452918963 13.6944137713941378
0.3885417632437111 13.6907861149099581
0.4087486443380892 13.6868045702982190
0.4289008608252327 13.6825549924706102
0.4489767158895912 13.6779573230934450
0.4689774040374849 13.6730429570226732
0.4888825532630772 13.6677569765453483
0.5087349369865986 13.6622761539981550
0.5284756130233407 13.6564050912593660
0.5481396910794784 13.6502823710899861
0.5676983956126291 13.6438341534465072
0.5871569967363960 13.6370898761613635
0.6064738966816938 13.6299514211349501
0.6257584715513282 13.6227260951382743
0.6448936060266453 13.6151127946885510
0.6639152420079451 13.6072201981752894
0.6828318607714101 13.5990784308752544
0.7016000000000000 13.5906000000000002
0.7335875266244941 13.5754065393814389
0.7652136806029045 13.5594745122143028
0.7964266550061928 13.5427465530754211
0.8272068755044906 13.5252350593033697
0.8575953930194278 13.5070530831372166
0.8874655023708085 13.4880314422669141
0.9169434436058689 13.4684083394927634
0.9459007072407384 13.4480247170295399
0.9744250845995219 13.4270583032255824
1.0024269060713169 13.4053989263701236
1.0299862771160966 13.3831796222486639
1.0570142310782036 13.3603168552978335
1.0835899592019436 13.3369321886606038
1.1096322924671993 13.3129549319963676
1.1352214062039891 13.2884947853364292
1.1602719826983940 13.2634833852605034
1.1848090070066609 13.2380845137673444
1.2088258158895218 13.2121931807364899
1.2323895330766730 13.1858889846825877
1.2554336880996277 13.1591284462538454
1.2780325718535150 13.1319923960689536
1.3001214028720036 13.1044395684319337
1.3217732613862600 13.0765422219876084
1.3429255611378752 13.0482642246933533
1.3636455169546314 13.0196780039560330
1.3838793131707998 12.9907456332309490
1.4036960056996220 12.9615261338996360
1.4230393388113196 12.9319911392647224
1.4419761371885115 12.9021948642368964
1.4604546182779541 12.8721122101827845
1.4785443434465719 12.8417942473469357
1.4961786044338121 12.8112091224227846
1.5132495170819230 12.7807444178129381
1.5299097479986141 12.7500531977099971
1.5462088086657106 12.7191687087144624
1.5621041346794837 12.6880745026615518
1.5776542137768612 12.6568068236162654
1.5928157828764744 12.6253489226174480
1.6076442340564018 12.5937327005009945
1.6220982174158201 12.5619435383484923
1.6362295454334922 12.5300134923272808
1.6500004788823668 12.4979263662109332
1.6634618667482605 12.4657082048756422
1.6765759971007932 12.4333471407985812
1.6893917103434930 12.4008671175042263
1.7018729858376695 12.3682571162598318
1.7140670106091571 12.3355386573246622
1.7259382280263584 12.3027016965600975
1.7375258411599136 12.2697834400701958
1.7488040481090026 12.2367578978871911
1.7598146047404646 12.2036421921125534
1.7705261545313291 12.1704285649790283
1.7809799874675791 12.1371331641595593
1.7911455630152753 12.1037486256338855
1.8010626488360381 12.0702894569987273
1.8107016648774263 12.0367491241636735
1.8201002225030449 12.0031421596210294
1.8292305281528194 11.9694613272388821
1.8381288769517482 11.9357184922287856
1.8467680231293955 11.9019083653555064
1.8551702594116083 11.8680387869790699
1.8633474497971980 11.8341141724442291
1.8713227304257827 11.8001413778470938
1.8790000000000000 11.7660999999999998
1.8945167112181958 11.6939280987469813
1.9091651133975216 11.6215749649441040
1.9228368326723447 11.5490306021807811
1.9355334846960439 11.4763092469675065
1.9474004202199158 11.4034496935701283
1.9583529972524756 11.3304470926826326
1.9685295457334340 11.2573324612708770
1.9778489955851588 11.1841036464510033
1.9864380900930287 11.1107957926893173
1.9942225470830162 11.0373981347091004
2.0013202701713078 10.9639310180425945
2.0076600663189050 10.8903946196460524
2.0133517323288929 10.8168061057603798
2.0183281354604330 10.7431657645760570
2.0226918489323681 10.6694866704572270
2.0263782228975211 10.5957705829835582
2.0294813159574694 10.5220725518828758
2.0319446117859572 10.4483503629007437
2.0338554568763769 10.3746118523733957
2.0351572826729902 10.3008600760331159
2.0359336926997423 10.2271013739542274
2.0361302877427754 10.1533388475923889
2.0358257622472041 10.0795767389508236
2.0349680373420043 10.0058189887477802
2.0336314497541425 9.9320712928591688
2.0317662637728504 9.8583350724751924
2.0294426480672853 9.7846119133354931
2.0266127639896183 9.7109064512611560
2.0233434161385496 9.6372194529981299
2.0195884185284214 9.5635556060897962
2.0154132535956496 9.4899144030408567
2.0107676009561333 9.4163013831308984
2.0057257823654999 9.3428561956134045
2.0002397820122315 9.2694428500670760
1.9943618629855413 9.1960598613301913
1.9880516507950945 9.1227127810191551
1.9813653027672795 9.0493992037396223
1.9742613765788526 8.9761249101832838
1.9667941686986723 8.9028867647527247
1.9589229453862085 8.8296909384837434
1.9507005199622668 8.7565348487676778
1.9420867917797331 8.6834238001553459
1.9331328719042422 8.6103536498325554
1.9237993257780583 8.5373310200110932
1.9141360272385241 8.4643514078156200
1.9041040550675576 8.3914215602274975
1.8937521462601389 8.3185364495028179
1.8830414983160040 8.2457031919763093
1.8720207193532233 8.1729223675613367
1.8606514588317455 8.1001951657269178
1.8489794783135098 8.0275159429886745
1.8369675753485399 7.9548921264116492
1.8246609650346201 7.8823177452330650
1.8120227710927077 7.8098003713509412
1.7990972504335068 7.7373336675030510
1.7858477971850866 7.6649254895152907
1.7723181794001883 7.5925696538414834
1.7584718950382980 7.5202737485436719
1.7443519992688291 7.4480307898683524
1.7299219498842766 7.3758491425508801
1.7152196717189987 7.3037225158920943
1.7002233244890148 7.2316564571252737
1.6849393296227296 7.1596508929841974
1.6694000000000000 7.0876999999999999
1.6604262187932158 7.0467190199423699
1.6513461041009376 7.0057614688338603
1.6421916873776329 6.9648204746107592
1.6329535254398362 6.9238982958133031
1.6236310268000378 6.8829952483303854
1.6142244861905635 6.8421114463051191
1.6047340024017485 6.8012470486978093
1.5951595547309589 6.7604022420982748
1.5855007788758860 6.7195772885584210
1.5757587895959306 6.6787721120801971
1.5659123117070149 6.6379920392289552
1.5560217235880427 6.5972226421861935
1.5460305540929200 6.5564777529661509
1.5359464545171062 6.5157557638057613
1.5257857993798223 6.4750528076906363
1.5155306256343248 6.4343735628503218
1.5051914203653496 6.3937153741286234
1.4947728572426615 6.3530774482688823
1.4842750565844666 6.3124599033071017
1.4736716089097923 6.2718698099986119
1.4629962585008583 6.2312985683552791
1.4522232146560647 6.1907531582432407
1.4413726079685199 6.1502284356475857
1.4304234298652525 6.1097302343812885
1.4193957741443977 6.0692532770039935
1.4082678298651299 6.0288037760758169
1.3970602398903655 5.9883762701059064
1.3857516953967821 5.9479768872711869
1.3743613723162396 5.9076004776067451
1.3628697006816999 5.8672527961329122
1.3512941982243653 5.8269290845139777
1.3396164171605498 5.7866348739460518
1.3278571674702241 5.7463593624217629
1.3159845624688546 5.7061171205321264
1.3040325957379402 5.6658983812953076
1.2919721926409162 5.6257120257542361
1.2798272556818672 5.5855511276123968
1.2675734557718243 5.5454233115608957
1.2552328459084746 5.5053221061479436
1.2427819678677512 5.4652550003953912
1.2302423364363772 5.4252154827875979
1.2175906604675975 5.3852112277404096
1.2048483254898171 5.3452357557815381
1.1919920016163703 5.3052967974140302
1.1790429615396275 5.2653877877618990
1.1659777040116830 5.2255166737060881
1.1528173532307694 5.1856768443082297
1.1395387004962780 5.1458762887758764
1.1261618680879087 5.1061073068983657
1.1126639664211850 5.0663792536431300
1.0990656202298089 5.0266854661283438
1.0853432015537234 4.9870344004164648
1.0715176003462061 4.9474191698507718
1.0575646172655302 4.9078486251909785
1.0435053987833355 4.8683156972658567
1.0293153114965263 4.8288295549187534
1.0150154423736399 4.7893827771052826
1.0005807600248553 4.7499851314613268
0.9860326434639747 4.7106292271008232
0.9713453202068969 4.6713250614304496
0.9565380174490340 4.6320659015251598
0.9415915493705163 4.5928595124615139
0.9265100930373165 4.5537048608221921
0.9113000000000000 4.5145999999999997
0.9021690885658220 4.4913138850584890
0.8929768751214704 4.4680519009496145
0.8837373521926347 4.4448086745423936
0.8744469484304715 4.4215857385586341
0.8651046168821442 4.3983836286690415
0.8557036174453374 4.3752052276957913
0.8462519939565678 4.3520474223021303
0.8367396583245169 4.3289144888943811
0.8271749153902497 4.3058030574206618
0.8175472139452656 4.2827177820909350
0.8078650722625272 4.2596552844231189
0.7981176135720069 4.2366203171924228
0.7883132896455721 4.2136094768552136
0.7784411759565478 4.1906276381126331
0.7685096211764116 4.1676714215581906
0.7585075615284717 4.1447458362517180
0.7484434820224955 4.1218457899627097
0.7383055699907823 4.0989783336988710
0.7281039097281062 4.0761392423049142
0.7178252680783436 4.0533346924594920
0.7074795086154723 4.0305604811461993
0.6970532980417019 4.0078229884770966
0.6865564729580895 3.9851180041655592
0.6759752560339392 3.9624522260446300
0.6653198932694651 3.9398208715506597
0.6545758436514915 3.9172314855545594
0.6437539723522268 3.8946792720812633
0.6328389210236246 3.8721720091322296
0.6218416156821933 3.8497047678165372
0.6107467041265419 3.8272855663436367
0.5995641649337018 3.8049099389637283
0.5882807743546470 3.7825849981914796
0.5768866066225144 3.7602626747760473
0.5653830631135249 3.7379965195689193
0.5537877656491706 3.7157780009302945
0.5420791944915857 3.6936189654091001
0.5302713837555028 3.6715125481144344
0.5183436736129569 3.6494705924221540
0.5063098265726072 3.6274863869593277
0.4941482567138844 3.6055725789152269
0.4818729213416496 3.5837210861971910
0.4694612523930979 3.5619467419724211
0.4569287580340625 3.5402416930712079
0.4442505562079543 3.5186214303272036
0.4314428879027024 3.4970773951072284
0.4184792877101859 3.4756268265593908
0.4053768215111543 3.4542607658881079
0.3921076132108616 3.4329978573337931
0.3786795631817904 3.4118122618875437
0.3650720229593458 3.3907415041629165
0.3513050544736976 3.3697745164915589
0.3373454166607605 3.3489353105223452
0.3232139110358281 3.3282117890485619
0.3088751343182555 3.3076311361010617
0.2943514619976385 3.2871804698313092
0.2796047374106229 3.2668900552838398
0.2646561131196903 3.2467419251536422
0.2494671363694512 3.2267743639301094
0.2340637890325533 3.2069715878543927
0.2184017648530120 3.1873727601321651
0.2025069068225233 3.1679611631212053
0.1863370986785419 3.1487779956321766
0.1698964306034614 3.1298265286149136
0.1532000000000000 3.1111000000000000
0.1438093707253127 3.1008078801184206
0.1343082546864107 3.0906176669780230
0.1247248391177448 3.0805049018407817
0.1150514867246469 3.0704781313656140
0.1052854498530829 3.0605413847625358
0.0954180595484931 3.0507052769038641
0.0854597979298016 3.0409611539167233
0.0753974554540514 3.0313245481265323
0.0652408572888278 3.0217855310144019
0.0549777236706165 3.0123612314600541
0.0446192804988755 3.0030417586217664
0.0341519582237558 2.9938447437085158
0.0235883742355297 2.9847581855698065
0.0129128514915694 2.9758034069780357
0.0021400909123370 2.9669658151759865
-0.0087454319262388 2.9582674939650886
-0.0197410963726931 2.9496881986444806
-0.0308506925833145 2.9412569581156989
-0.0420623801854461 2.9329619187269992
-0.0533882973747423 2.9248235394553581
-0.0648148399461489 2.9168266828233059
-0.0763580800525742 2.9089992184206288
-0.0879996053084760 2.9013186403634206
-0.0997572414472278 2.8938170150724996
-0.1116138340248085 2.8864693476731120
-0.1235852377184566 2.8793102627199580
-0.1356523320312633 2.8723135953175954
-0.1478334767438715 2.8655174321806518
-0.1600976868868946 2.8588713620761108
-0.1724941563889083 2.8524753756664669
-0.1849731821568358 2.8462424605874357
-0.1975569655953185 2.8402238470533745
-0.2103576946399339 2.8343400200352872
-0.2232688907142025 2.8287027245503737
-0.2362687487787100 2.8232730571659557
-0.2493689944805938 2.8180902818328906
-0.2625520897734237 2.8131207780714953
-0.2758369842830085 2.8084301974034376
-0.2891914132554230 2.8039408537211094
-0.3026470117760669 2.7997645098261974
-0.3161734746253597 2.7958163365171893
-0.3297741643244485 2.7921319764098760
-0.3434505079194074 2.7887400274885602
-0.3571803424512927 2.7855715364692832
-0.3709779651625656 2.7827106591995664
-0.3848281296604460 2.7801160581480229
-0.3987306399656613 2.7778182358675109
-0.4126756345219687 2.7757941541389264
-0.4266706757168310 2.7740675577374301
-0.4406982353000149 2.7726288481351204
-0.4547531915113772 2.7714880551982330
-0.4688289840989610 2.7706423213988103
-0.4829195854721476 2.7700947735058726
-0.4970186091613945 2.7698450000822223
-0.5111197612053128 2.7698937426228627
-0.5252167355762171 2.7702404101682707
-0.5393028068505918 2.7708854031824005
-0.5533722297737078 2.7718260192281599
-0.5674185901314146 2.7730639925120118
-0.5814363051025896 2.7745925487383194
-0.5954184291021002 2.7764169391447396
-0.6093607386848617 2.7785241162590713
-0.6232703611471244 2.7808435064097803
-0.6371000000000000 2.7835999999999999
-0.6891205098965490 2.7967783188182212
-0.7402383337487670 2.8131114024641604
-0.7899833362397144 2.8332825575654886
-0.8380159094934025 2.8572473792334101
-0.8845475239952913 2.8838628428956939
-0.9292561459030394 2.9134383932915995
-0.9724296084387381 2.9451991633320243
-1.0138049258184425 2.9792693481364960
-1.0534320049762291 3.0148160692465070
-1.0913958835913866 3.0521338760516232
-1.1280024349623792 3.0907787598171051
-1.1630814172285109 3.1308153886424339
-1.1969204743669742 3.1718772608416874
-1.2293805080334204 3.2140377322681455
-1.2607353464555164 3.2570241259741669
-1.2908534472094975 3.3008859082372930
-1.3194611905321603 3.3446120477729603
-1.3470028958578677 3.3890173709275091
-1.3736811304385256 3.4339458636280830
-1.3993821720942954 3.4794404140104587
-1.4243084888555300 3.5253582472420185
-1.4483478431016803 3.5717465876239598
-1.4716873503134805 3.6184904303939971
-1.4942176602612027 3.6656296345393709
-1.5161011631103169 3.7130464979521029
-1.5372445796393390 3.7607979646345950
-1.5578061815925108 3.8088025405542055
-1.5776850762272738 3.8570938268510346
-1.5970298607102995 3.9055997558164862
-1.6157429217159840 3.9543528806321704
-1.6339706596929584 4.0032893953061991
-1.6515981359171767 4.0524453205051341
-1.6683266928401984 4.1004838869535582
-1.6845570008260875 4.1486930726532734
-1.7003778762912658 4.1970381503975169
-1.7157040878511749 4.2455423139487269
-1.7306621629467758 4.2941606252308372
-1.7451526336921703 4.3429203469288398
-1.7593009515266005 4.3917803839798479
-1.7730040156393361 4.4407671592573879
-1.7863877997075675 4.4898385522611449
-1.7993468023097119 4.5390238299250134
-1.8120093991025685 4.5882862077122769
-1.8242639242261947 4.6376516798237430
-1.8362424344417698 4.6870845474051563
-1.8478281468778817 4.7366109481592380
-1.8591580360479557 4.7861964740501949
-1.8701054114410232 4.8358678515073601
-1.8808076419952862 4.8855770069423225
-1.8911483843574728 4.9353626165126867
-1.9012596309502547 4.9851953251858631
-1.9110177164236533 5.0350983905151550
-1.9205620580600220 5.0850426087295185
-1.9297635704476603 5.1350511236054457
-1.9387671882299859 5.1850956380415694
-1.9474320348505867 5.2351999192095402
-1.9559092683782924 5.2853352494456929
-1.9640631605762109 5.3355241811756677
-1.9720377042959324 5.3857419103693334
-1.9796954194885470 5.4360089280940294
-1.9871541088078023 5.4863056796097847
-1.9943641366907461 5.5366386783017560
-2.0012320683105116 5.5870193391556306
-2.0081000000000002 5.6374000000000004
