-2.0081000000000002 5.6374000000000004
-2.0188222236503598 5.6786966254091166
-2.0291806616712509 5.7200859973777337
-2.0390997938734964 5.7615832770380630
-2.0484987936802447 5.8032014486159442
-2.0572938324739853 5.8449561358964693
-2.0654053907244623 5.8868489663096435
-2.0727816794811312 5.9288778103458267
-2.0793981798665465 5.9710329439536017
-2.0852528107530358 6.0132942526510539
-2.0903761017701280 6.0556504423379528
-2.0948322167100289 6.0980814353215148
-2.0987006390544954 6.1405700389052232
-2.1020619060960975 6.1830976053530449
-2.1049931511271151 6.2256569736127710
-2.1075638719128903 6.2682393601268953
-2.1098337140824201 6.3108388444327189
-2.1118181806938058 6.3533650815602796
-2.1135288713192420 6.3959032113915882
-2.1150007987091103 6.4384501766733975
-2.1162664675543222 6.4810037770769684
-2.1173536739441491 6.5235618035970281
-2.1182845864328437 6.5661235357158527
-2.1190793625311404 6.6086879973546014
-2.1197552445449647 6.6512545129172630
-2.1203262778373934 6.6938210216552303
-2.1208043695595175 6.7363886757304287
-2.1212003752516282 6.7789571627290369
-2.1215237045128105 6.8215262637771882
-2.1217818377007853 6.8640957561920906
-2.1219819945389609 6.9066655606835995
-2.1221306808618527 6.9492355725544569
-2.1222328296162997 6.9918057215316394
-2.1222805121167425 7.0342819806731238
-2.1222629923180950 7.0767582629649163
-2.1221819362460007 7.1192344694380882
-2.1220413825428688 7.1617105207034176
-2.1218455394775025 7.2041863301559766
-2.1215979488860768 7.2466618694939932
-2.1213031478842640 7.2891371049379651
-2.1209654544812903 7.3316120210275480
-2.1205874821955235 7.3740864876028239
-2.1201710123524195 7.4165605941475510
-2.1197187425048279 7.4590343334701900
-2.1192332056371827 7.5015077055286066
-2.1187166395333871 7.5439807041848119
-2.1181711568509508 7.5864533413060547
-2.1175987673677119 7.6289256237372523
-2.1170012151251299 7.6713975596002823
-2.1163785299235371 7.7138688187492865
-2.1157306271078369 7.7563397006862509
-2.1150592136143009 7.7988102169532803
-2.1143662137656303 7.8412803864758647
-2.1136533725619028 7.8837502240174181
-2.1129222696847413 7.9262197511159234
-2.1121745239651455 7.9686889881508732
-2.1114115490382515 8.0111579543173913
-2.1106336256563170 8.0536266380548976
-2.1098407472469850 8.0960950452184881
-2.1090337117957641 8.1385631855850295
-2.1082132386271704 8.1810310684636404
-2.1073795221876237 8.2234986930311587
-2.1065327355242698 8.2659660589944018
-2.1056730247522320 8.3084331653063140
-2.1048000000000000 8.3508999999999993
-2.1037970280493139 8.3972880387285574
-2.1027034702981999 8.4436740303775569
-2.1015143618329448 8.4900576745192467
-2.1002276053189192 8.5364387124601840
-2.0988412069399832 8.5828168944152167
-2.0973530316565391 8.6291919221375263
-2.0957637754117125 8.6755635951674122
-2.0940740790905091 8.7219317169898937
-2.0922814818547879 8.7682960845099671
-2.0903825552125713 8.8146562188712202
-2.0883763678529881 8.8610118365031970
-2.0862621327641835 8.9073626518547424
-2.0840388852915094 8.9537083764626667
-2.0817055982644632 9.0000486914206783
-2.0792613800671973 9.0463832889792964
-2.0767050886058083 9.0927118385732496
-2.0740340656486325 9.1390350080381370
-2.0712456618306374 9.1853512600136394
-2.0683384691225992 9.2316602093030140
-2.0653112338580816 9.2779614663095015
-2.0621626509534377 9.3242546454886496
-2.0588913579083185 9.3705393152469300
-2.0554961063215824 9.4168150588008205
-2.0519755930407326 9.4630814414240820
-2.0483281546581008 9.5093381455784298
-2.0445521149529321 9.5555845293302751
-2.0406460401969838 9.6018201136889083
-2.0366084467878795 9.6480443986530493
-2.0324376303632278 9.6942568762334549
-2.0281318349505703 9.7404569727661677
-2.0236892292585432 9.7866441173714884
-2.0191076926633246 9.8328176876747941
-2.0143818261113965 9.8789945095781445
-2.0095097430278333 9.9251561332734526
-2.0044891565002499 9.9713018453783941
-1.9993179398474602 10.0174309202995650
-1.9939938959628922 10.0635426405502104
-1.9885147575265550 10.1096361892284587
-1.9828783684560205 10.1557107772995358
-1.9770825034510388 10.2017655761430647
-1.9711245795231397 10.2478000230633987
-1.9650019987924734 10.2938128600329679
-1.9587122762095812 10.3398031524136679
-1.9522528600558353 10.3857699180861049
-1.9456210274560079 10.4317121740888434
-1.9388140044766963 10.4776287999275570
-1.9318289270279617 10.5235186827185428
-1.9246627271836590 10.5693806302276353
-1.9173106442184990 10.6152173833981449
-1.9097692829027711 10.6610233757424492
-1.9020355625162984 10.7067972904178785
-1.8941064538578552 10.7525377640884935
-1.8859786854773398 10.7982434254174250
-1.8776488440351646 10.8439126912086605
-1.8691134754429373 10.8895440004005350
-1.8603688607597184 10.9351356729911700
-1.8514099369802622 10.9806865356172231
-1.8422320075455344 11.0261937769372023
-1.8328310767858576 11.0716554852111987
-1.8232028377672925 11.1170695957027580
-1.8133417135774612 11.1624338490098800
-1.8032419866602162 11.2077455777850777
-1.7928974210569833 11.2530020594102742
-1.7823000000000000 11.2981999999999996
-1.7729563880687768 11.3370731550951090
-1.7633968910386564 11.3758937847589983
-1.7536153918322224 11.4146590895459098
-1.7436074763918357 11.4533665592447377
-1.7333686754157393 11.4920137263341824
-1.7228946692352921 11.5305978132613020
-1.7121825784905316 11.5691164908124346
-1.7012295383755971 11.6075673467281713
-1.6900304451010274 11.6459483357937707
-1.6785805455222694 11.6842552517680767
-1.6668766869875110 11.7224853537802973
-1.6549158781348628 11.7606358459928080
-1.6426947716500895 11.7987038838059930
-1.6302100233039370 11.8366862745336906
-1.6174583446911762 11.8745799001579334
-1.6044360271598854 11.9123813738925334
-1.5911332597765950 11.9500974244657989
-1.5775476959161853 11.9877125350663778
-1.5636750553067948 12.0252227411308853
-1.5495112299300593 12.0626239679446739
-1.5350519083871854 12.0999121633069172
-1.5202927874420934 12.1370827140397377
-1.5052295953797400 12.1741311096733768
-1.4898579572671646 12.2110525955030400
-1.4741720641300790 12.2478438180628459
-1.4581676632269819 12.2844976098542307
-1.4418402510544336 12.3210086924805152
-1.4251852440543413 12.3573715070666075
-1.4081973708503538 12.3935803379384443
-1.3908716104683994 12.4296287123301854
-1.3732026735505756 12.4655101701057727
-1.3551845709231339 12.5012175688014811
-1.3367090411927918 12.5369274063652594
-1.3178595711116207 12.5724412793631066
-1.2986308182950251 12.6077512810846504
-1.2790183270116977 12.6428495907607383
-1.2590173830341632 12.6777284528041793
-1.2386236429294516 12.7123791114123406
-1.2178332574771353 12.7467932970906159
-1.1966424015369734 12.7809623463556745
-1.1750442061596279 12.8148798930030147
-1.1530357539441627 12.8485326795921230
-1.1306130291614748 12.8819109330831743
-1.1077721555120558 12.9150044503293710
-1.0845087352688276 12.9478029859977245
-1.0608190574440816 12.9802949823654615
-1.0366991574926534 13.0124689872205527
-1.0121449553080666 13.0443127828040062
-0.9871208272648989 13.0758492492817173
-0.9616499633681577 13.1070260161855246
-0.9357288551023530 13.1378295620782194
-0.9093545097109800 13.1682459425083015
-0.8825233513553644 13.1982612211213503
-0.8552329936949031 13.2278596060044342
-0.8274808499740953 13.2570255891644238
-0.7992645592680520 13.2857427790266165
-0.7705746785984383 13.3139991272667006
-0.7414144574455091 13.3417698307330129
-0.7117824349118273 13.3690367283066884
-0.6816775851570656 13.3957806712465985
-0.6510973288216385 13.4219817660464753
-0.6200415843119392 13.4476174868126413
-0.5885094754461094 13.4726652418726947
-0.5565000000000000 13.4970999999999997
-0.5395961249423369 13.5095862502130739
-0.5225401079463109 13.5218638607533971
-0.5053295256931939 13.5339239332506385
-0.4879633584834345 13.5457588699455558
-0.4704403798376869 13.5573610992191597
-0.4527601719996317 13.5687222943825117
-0.4349231230096919 13.5798357006911853
-0.4169298865459756 13.5906944095468444
-0.3987771719751244 13.6012913505086149
-0.3804678962314175 13.6116154304084872
-0.3620032166231809 13.6216590221318990
-0.3433847194172371 13.6314145174824015
-0.3246137297584333 13.6408742492156763
-0.3056926134806954 13.6500300089351518
-0.2866236660041783 13.6588738762651022
-0.2674094636354939 13.6673975594212953
-0.2480209907599325 13.6756044848291327
-0.2284917906724480 13.6834706687221765
-0.2088252085926637 13.6909869677682893
-0.1890251511674947 13.6981442667009522
-0.1690953720597187 13.7049337752854507
-0.1490411411382507 13.7113463679165292
-0.1288676000173769 13.7173733425253366
-0.1085804915700793 13.7230062294528710
-0.0881820605156377 13.7282387962752328
-0.0676830794108077 13.7330624379179252
-0.0470903177575840 13.7374688674173852
-0.0264111645502190 13.7414502084058609
-0.0056532154891816 13.7450004302812151
0.0151747706895527 13.7481135503115572
0.0360641143516202 13.7507843302744464
0.0570055603117422 13.7530099954202891
0.0781150834493698 13.7548112469906782
0.0992568333456219 13.7561834297927073
0.1204223193671795 13.7571220143182354
0.1416027485016337 13.7576201720449392
0.1627895812399654 13.7576715716047830
0.1839726730614959 13.7572701438062879
0.2051421096531021 13.7564081636924188
0.2262873311215956 13.7550786282957095
0.2474016655939052 13.7532793831360574
0.2684705871558740 13.7510093726583949
0.2894828545389559 13.7482634793153473
0.3104267633174253 13.7450373367412079
0.3312911215369401 13.7413297138952116
0.3520641220663758 13.7371403989053293
0.3727343115926098 13.7324701765059478
0.3932911233131496 13.7273237987315910
0.4137047862375867 13.7217321875111193
0.4339962644534704 13.7157122488197568
0.4541571174991550 13.7092683754152363
0.4741782722954451 13.7024027464851113
0.4940513993364421 13.6951201115193877
0.5137687336770366 13.6874256539730234
0.5333219466636125 13.6793232548328619
0.5527041085981471 13.6708197962030828
0.5719109273065494 13.6619453305424796
0.5909520204644008 13.6527206464279593
0.6098215236097262 13.6431498827405106
0.6285134781951762 13.6332368357675612
0.6470301735712964 13.6230028495863645
0.6653781926363146 13.6124694419136935
0.6835630038742004 13.6016571321856417
0.7016000000000000 13.5906000000000002
0.7314331152791730 13.5718643026671858
0.7610808678714536 13.5528366415383404
0.7905397617470059 13.5335178450693243
0.8198037505491946 13.5139050613615561
0.8488664982224194 13.4939945486644254
0.8777194128838067 13.4737811587032429
0.9063500506576995 13.4532539917225583
0.9347454007895700 13.4324025626472825
0.9629008681082796 13.4112211711902663
0.9908065044365339 13.3897117047834610
1.0184516201843020 13.3678683058636388
1.0458248829999865 13.3456851820101000
1.0729154414660077 13.3231566621923939
1.0997109950590563 13.3002780505470220
1.1261992368067484 13.2770442166182733
1.1523678825050054 13.2534509978418547
1.1782427736763340 13.2294679383155613
1.2037804098029840 13.2051260756417097
1.2289660533166563 13.1804200446591847
1.2537834929303445 13.1553441738442317
1.2782172605331584 13.1298928946468422
1.3022503059541726 13.1040628861326498
1.3258654137903861 13.0778500694781046
1.3490454754390069 13.0512517647004137
1.3717810768189122 13.0242634950958206
1.3940538741589183 12.9968920361466311
1.4158476969946284 12.9691375630897632
1.4371470141068777 12.9410018104072674
1.4579396560692924 12.9124889188903896
1.4782140593186963 12.8836052294565419
1.4979605563564349 12.8543580838971748
1.5171738187484478 12.8247579113151123
1.5358513260952931 12.7948507615288478
1.5540230246405359 12.7646336097601860
1.5716879547196284 12.7341174673621254
1.5888434570170304 12.7033120548104036
1.6054875545861408 12.6722276332182154
1.6216194374505325 12.6408743302843854
1.6372369861951824 12.6092617100039735
1.6523390041170046 12.5773995907324311
1.6669273500147674 12.5453029069554983
1.6810080310743669 12.5129802931006901
1.6945828141755673 12.4804420241277516
1.7076541193022676 12.4476982511886931
1.7202265148510444 12.4147603002783846
1.7323056465232967 12.3816382786304057
1.7438974399286203 12.3483426526256837
1.7550104309074223 12.3148841736270339
1.7656521263761246 12.2813229246394430
1.7758600086632228 12.2476271941195623
1.7856437975109854 12.2138059618767088
1.7950115495244036 12.1798671419670872
1.8039721465766058 12.1458191404312297
1.8125348523427174 12.1116689020999870
1.8207075204795185 12.0774232854527959
1.8284992305230992 12.0430889874605927
1.8359278569536295 12.0086798013978988
1.8430135975276554 11.9741983736916819
1.8497661784180417 11.9396502093142850
1.8561951504541922 11.9050403649186909
1.8623164156359981 11.8703754016648235
1.8681464613058686 11.8356602733731811
1.8737006321701402 11.8009000152355039
1.8790000000000000 11.7660999999999998
1.8894687737046879 11.6933069052455595
1.8992541323785202 11.6204187949501666
1.9083937464374000 11.5474470565132181
1.9169171756807740 11.4744007813885486
1.9248500429535763 11.4012889496847485
1.9322156707316042 11.3281177952201084
1.9390323276404284 11.2548935247439531
1.9453159484660171 11.1816215880458010
1.9510835164592568 11.1083114700342327
1.9563515535565547 11.0349637636722188
1.9611315210654911 10.9615826707383115
1.9654333114892775 10.8881719937988428
1.9692665076059894 10.8147356203645416
1.9726395771714974 10.7412766744331062
1.9755597009626972 10.6677983521097830
1.9780342761867262 10.5943036757592696
1.9800754803317104 10.5208119648745066
1.9816968499150098 10.4473097931800224
1.9829058388397659 10.3737997017037689
1.9837088482490651 10.3002840545328713
1.9841118453114732 10.2267652685660451
1.9841205068321702 10.1532453785930156
1.9837396807251458 10.0797264868126816
1.9829738681503372 10.0062105973177396
1.9818280862002843 9.9327004765492570
1.9803069661218092 9.8591971646144821
1.9784139512882095 9.7857024984072977
1.9761521628553463 9.7122182567009927
1.9735249241707616 9.6387462418560853
1.9705353092806837 9.5652880799454774
1.9671861221066674 9.4918454407648828
1.9634805088686796 9.4184199224822854
1.9594269892017179 9.3450554592186143
1.9550296198840692 9.2717108027347151
1.9502914351383263 9.1983873808616452
1.9452148650446245 9.1250866098838123
1.9398021214698286 9.0518099373987336
1.9340552708416655 8.9785587105738567
1.9279758931429080 8.9053343346087710
1.9215653691801382 8.8321382059460943
1.9148252180182349 8.7589718875436126
1.9077568171560977 8.6858365506980715
1.9003611093825463 8.6127335886396323
1.8926388396719426 8.5396644015242274
1.8845906173526909 8.4666304052160093
1.8762168739749333 8.3936330153921781
1.8675178508310359 8.3206736740320353
1.8584936694649497 8.2477538369090967
1.8491445833886994 8.1748745703774208
1.8394707625620169 8.1020376972205544
1.8294718079971394 8.0292447439763519
1.8191470995678584 7.9564972798950971
1.8084958666027098 7.8837968838106476
1.7975171801273847 7.8111452162606855
1.7862098954157692 7.7385439617677575
1.7745727185067819 7.6659948545707328
1.7626043693602239 7.5934993453023428
1.7503034410221960 7.5210595260908081
1.7376680515778516 7.4486772910569356
1.7246961473769303 7.3763546063977560
1.7113856913149242 7.3040934099537918
1.6977344500433857 7.2318958174465757
1.6837400039565192 7.1597639576962464
1.6694000000000000 7.0876999999999999
1.6610562429561591 7.0465685072190250
1.6526054575414684 7.0054588708076811
1.6440479235195296 6.9643713230279573
1.6353836359721733 6.9233061541815437
1.6266125678476385 6.8822636587002836
1.6177347315884090 6.8412441256126337
1.6087499006268796 6.8002478950887179
1.5996578306670851 6.7592753143984135
1.5904584895434592 6.7183266657125756
1.5811518945892746 6.6774022598321751
1.5717378415558032 6.6365024390032473
1.5622160971062953 6.5956275552603708
1.5525864364438433 6.5547779569604138
1.5428486286211945 6.5139540038868691
1.5330024155925794 6.4731560606644788
1.5230475578197683 6.4323844910490550
1.5129838995448288 6.3916394096245312
1.5028114089039493 6.3509213631054869
1.4925298748123122 6.3102307134538009
1.4821390654137014 6.2695678312097262
1.4716387379304809 6.2289330877885967
1.4610286469380006 6.1883268663528709
1.4503085269153696 6.1477495535054386
1.4394781019740923 6.1072015426194610
1.4285370732613526 6.0666831963828333
1.4174851585034101 6.0261949552352186
1.4063220620422157 5.9857372264994708
1.3950474775075382 5.9453104249857758
1.3836610725236707 5.9049149701260128
1.3721625116704932 5.8645512972246331
1.3605514466029000 5.8242198428138256
1.3488275000575129 5.7839210571708830
1.3369892092176396 5.7436522957078678
1.3250369600500673 5.7034172112713849
1.3129703844394804 5.6632162648984530
1.3007891374786657 5.6230499163125409
1.2884928615534488 5.5829186261374353
1.2760811948201915 5.5428228734739655
1.2635537886303162 5.5027631305244633
1.2509102815244643 5.4627398792935777
1.2381502317084080 5.4227535710347171
1.2252732163145453 5.3828047763842262
1.2122788300096934 5.3428940045067128
1.1991666559042915 5.3030217751041791
1.1859362415184790 5.2631886155826931
1.1725871231433922 5.2233950796642505
1.1591188195517343 5.1836417232892766
1.1455308110400552 5.1439291236589417
1.1318222063734884 5.1042572927154836
1.1179925307006487 5.0646275048899778
1.1040412143695333 5.0250403746493194
1.0899676871836727 4.9854965263210328
1.0757713417654451 4.9459965918697616
1.0614515500915806 4.9065412422793008
1.0470076704668169 4.8671311484063121
1.0324390250902534 4.8277670057180180
1.0177447885956738 4.7884494514167284
1.0029241893882791 4.7491793546314228
0.9879764570348152 4.7099574717424114
0.9729007839986600 4.6707845872127134
0.9576962665067984 4.6316615136551383
0.9423619719230830 4.5925891238335316
0.9268969137914830 4.5535683037886841
0.9113000000000000 4.5145999999999997
0.9019474037196872 4.4914174478687112
0.8925461333719766 4.4682545919059485
0.8830956144232327 4.4451117850773562
0.8735952596482779 4.4219893917008888
0.8640444369434545 4.3988877904945153
0.8544424520818933 4.3758074074960544
0.8447885827039536 4.3527486771098209
0.8350820619526045 4.3297120606938851
0.8253220890299076 4.3066979476534209
0.8155078405810709 4.2837069277135498
0.8056383309699325 4.2607395743481185
0.7957125176073138 4.2377964976218509
0.7857293453828455 4.2148783057557992
0.7756877146965183 4.1919856672177896
0.7655864609227010 4.1691192725334360
0.7554244242748029 4.1462798254116147
0.7452002858654822 4.1234667940470074
0.7349136125092866 4.1006818920828024
0.7245630147615429 4.0779259554835275
0.7141469853557096 4.0551998943276073
0.7036639658904940 4.0325046292776772
0.6931123662275546 4.0098411675529599
0.6824904706940849 3.9872105633686150
0.6717965189829840 3.9646139196516142
0.6610287594436619 3.9420520704125439
0.6501855628230763 3.9195263789996146
0.6392649315441533 3.8970381219517192
0.6282648105517324 3.8745886402041486
0.6171831957279581 3.8521792290718852
0.6060180271327855 3.8298113300950328
0.5947671722466689 3.8074864023809856
0.5834286379324402 3.7852058778649212
0.5719837711061192 3.7629357511389580
0.5604493359798227 3.7407118827227723
0.5488228400254605 3.7185360299119538
0.5371014651479662 3.6964101801645401
0.5252822508676069 3.6743363559950104
0.5133622045999370 3.6523168183829492
0.5013379728722208 3.6303539886557177
0.4892060703313805 3.6084504506079791
0.4769626287946625 3.5866080819429138
0.4646044927574256 3.5648304006327099
0.4521277477971514 3.5431204385543237
0.4395283004975556 3.5214814564619653
0.4268017974587277 3.4999167818441931
0.4139438319070968 3.4784302327299039
0.4009496887157323 3.4570257401213994
0.3878144710391629 3.4357075291811177
0.3745246649384109 3.4144664415451724
0.3610833827014846 3.3933208821536409
0.3474849096980815 3.3722760312755608
0.3337232575944276 3.3513375225444475
0.3197919487256757 3.3305111171425914
0.3056845613516670 3.3098035786544301
0.2913941260803654 3.2892218826356679
0.2769133875292167 3.2687736317993430
0.2622322799715616 3.2484636168754570
0.2473452247127201 3.2283040729558115
0.2322438136681956 3.2083045118411069
0.2169193367666129 3.1884753548239932
0.2013621648797531 3.1688272375225790
0.1855632462976661 3.1493729762350352
0.1695125994059048 3.1301257359031947
0.1532000000000000 3.1111000000000000
0.1439545715829675 3.1005574626994330
0.1346216502212474 3.0900923005791280
0.1251994097170548 3.0797074643509478
0.1156860994376985 3.0694059903237193
0.1060798785207369 3.0591909105255567
0.0963791445790905 3.0490655415652822
0.0865822647934979 3.0390331467281476
0.0766876602467764 3.0290971213374033
0.0666926519477292 3.0192602001569588
0.0565965567628715 3.0095270572305146
0.0463980100358780 2.9999012906744420
0.0360957411136848 2.9903866182055922
0.0256882974178868 2.9809868228572555
0.0151745690771702 2.9717060603212659
0.0045533657050643 2.9625484552984041
-0.0061765027443310 2.9535184157699721
-0.0170290288042399 2.9446115316725856
-0.0279940020415622 2.9358434493218041
-0.0390722342406464 2.9272188663832988
-0.0502642825861840 2.9187425043481369
-0.0615708626199284 2.9104190932546602
-0.0729921787524752 2.9022538337921013
-0.0845284591240517 2.8942517704152872
-0.0961797826793870 2.8864181606147507
-0.1079485369004799 2.8787574137648738
-0.1198326579686931 2.8712768867346141
-0.1318318089555584 2.8639822303021420
-0.1439454373736738 2.8568792982722529
-0.1561733220114959 2.8499741541499519
-0.1685143833835650 2.8432733793979953
-0.1809677116633421 2.8367835310731399
-0.1935322786615285 2.8305117551945221
-0.2063926438175206 2.8243820899358443
-0.2193669441015979 2.8184974216981705
-0.2324529418029543 2.8128653670044906
-0.2456477405520834 2.8074931549942951
-0.2589485767830531 2.8023877829682896
-0.2723514151619063 2.7975565314371294
-0.2858521950621049 2.7930059907674968
-0.2994463878692308 2.7887426117997912
-0.3131327258665638 2.7847721964371639
-0.3269027167308411 2.7811024011395014
-0.3407507659286932 2.7777389469680240
-0.3546708285933006 2.7746872022271969
-0.3686569428046780 2.7719522515371137
-0.3827021159316671 2.7695388601797532
-0.3967994233691377 2.7674512231836315
-0.4109416297371666 2.7656932970594092
-0.4251353045868333 2.7642693159919687
-0.4393590194053001 2.7631857733848606
-0.4536046714205958 2.7624443297696174
-0.4678640320174270 2.7620456126455575
-0.4821288229972847 2.7619898043440138
-0.4963908421795290 2.7622764838006278
-0.5106419036884602 2.7629043377647639
-0.5248739515997995 2.7638716882601697
-0.5390778937707589 2.7651783150934387
-0.5532466407192022 2.7668232639644842
-0.5673724895362198 2.7688028254960251
-0.5814480598112258 2.7711129315740567
-0.5954656811026832 2.7737508933924740
-0.6094183065190149 2.7767134587027550
-0.6232988675515521 2.7799970905992460
-0.6371000000000000 2.7835999999999999
-0.6863817838467911 2.8009942888013924
-0.7329675728242529 2.8246801446519943
-0.7766403069172282 2.8532746992951878
-0.8175929520293287 2.8856450115692554
-0.8558940970230430 2.9206991942436327
-0.8920638951586728 2.9579486121401038
-0.9263737673299298 2.9969020450300197
-0.9590787078671875 3.0372123926689526
-0.9900205476472938 3.0781245962791285
-1.0197587924375102 3.1199198430186254
-1.0484357147960642 3.1624474626879143
-1.0761743117989079 3.2055929670540478
-1.1030711362382240 3.2492544222014374
-1.1292209060953145 3.2933673609714639
-1.1546993182292469 3.3378706508180093
-1.1795717843581981 3.3827154132847268
-1.2035330814621574 3.4272225193832136
-1.2269695497212000 3.4720082113808714
-1.2499197966987802 3.5170447261382972
-1.2724198336064338 3.5623078439825419
-1.2945010280539565 3.6077750622479007
-1.3161919674654772 3.6534297469195183
-1.3375186064448681 3.6992556117102483
-1.3585045134026653 3.7452385120443314
-1.3791665225701890 3.7913607674105832
-1.3995252279194476 3.8376177039651221
-1.4195991140881267 3.8839988836858890
-1.4394053673975757 3.9304949810279790
-1.4589575680582871 3.9770980524863177
-1.4782691845703648 4.0238013316829457
-1.4973529193772377 4.0705981562116864
-1.5162182595277117 4.1174834488007246
-1.5346406309717891 4.1639184745329300
-1.5528238333786761 4.2104476754137135
-1.5707710758086389 4.2570683849278504
-1.5884879877587328 4.3037771110654149
-1.6059800693708792 4.3505703555951625
-1.6232521773203915 4.3974452416187802
-1.6403107031157623 4.4443982579115604
-1.6571618433431350 4.4914261019439933
-1.6738091582476765 4.5385255990801477
-1.6902559480845970 4.5856954923179933
-1.7065068346724139 4.6329332245072751
-1.7225663536672454 4.6802363587261727
-1.7384382713894987 4.7276026853493335
-1.7541265530376397 4.7750301509034039
-1.7696351332416475 4.8225166738641776
-1.7849671148491528 4.8700605090358942
-1.8001167774303102 4.9176585146412021
-1.8150817769267828 4.9653149014534273
-1.8298678774684471 5.0130270833063529
-1.8444826980401465 5.0607920085763864
-1.8589329437776323 5.1086068599286343
-1.8732252235434354 5.1564691660871063
-1.8873670761556440 5.2043761221968095
-1.9013649563555624 5.2523253431384598
-1.9152148924417515 5.3003171851426124
-1.9289135774772606 5.3483524186367985
-1.9424676746545743 5.3964286402544758
-1.9558829485935161 5.4445437840292504
-1.9691579629556808 5.4926978304057137
-1.9822900061170857 5.5408910626188497
-1.9952750443933403 5.5891241253503755
-2.0081000000000002 5.6374000000000004
