-2.0081000000000002 5.6374000000000004
-2.0133114420798983 5.6795518377884540
-2.0183662416925726 5.7217227466993602
-2.0232663474652476 5.7639119062239166
-2.0280140105082900 5.8061184923640155
-2.0326114989878016 5.8483416627281205
-2.0370610619629543 5.8905806779302488
-2.0413651513279370 5.9328347601330243
-2.0455262148023089 5.9751031667604680
-2.0495463881321980 6.0173849223765496
-2.0534277830434010 6.0596796433843030
-2.0571727069443365 6.1019866625880694
-2.0607834632017173 6.1443053436660690
-2.0642622779465155 6.1866350433269800
-2.0676113557516630 6.2289752051507925
-2.0708328884306634 6.2713252591434417
-2.0739289783447600 6.3136846686438820
-2.0769012268759426 6.3560512135289686
-2.0797514075361215 6.3984261454703360
-2.0824814436998008 6.4408089846180582
-2.0850932648052019 6.4831992729184468
-2.0875887545829028 6.5255965451831913
-2.0899697585952020 6.5680004009585203
-2.0922381158491865 6.6104104294062391
-2.0943956206488438 6.6528262416772246
-2.0964438901779902 6.6952473072778689
-2.0983845422057231 6.7376734323008481
-2.1002192951226448 6.7801042667804159
-2.1019498342291394 6.8225394793673647
-2.1035776979092376 6.8649787377348729
-2.1051044027046729 6.9074217555754163
-2.1065314360029097 6.9498682398332606
-2.1078601187836502 6.9923179165334884
-2.1090906552213127 7.0347627355385386
-2.1102236748274711 7.0772102695878558
-2.1112604122780968 7.1196602628745140
-2.1122022332225451 7.1621124680927057
-2.1130504942407564 7.2045666323015445
-2.1138065331450273 7.2470225389648264
-2.1144717749487166 7.2894799638747489
-2.1150476238024114 7.3319386953058313
-2.1155352761975977 7.3743984335974268
-2.1159358931636109 7.4168590822817774
-2.1162507926308876 7.4593204518598285
-2.1164812789655320 7.5017823635474560
-2.1166285621229457 7.5442446346650519
-2.1166938262940251 7.5867071110575170
-2.1166782413572134 7.6291696336817901
-2.1165828691827115 7.6716320520615231
-2.1164082637126471 7.7140936967867015
-2.1161549170096080 7.7565549447109619
-2.1158237474879634 7.7990156561272065
-2.1154157050561705 7.8414756983857761
-2.1149316861466501 7.8839349354236642
-2.1143725389456841 7.9263932495511939
-2.1137391266397833 7.9688505199670108
-2.1130322539065106 8.0113066308728630
-2.1122525796685056 8.0537614260827186
-2.1114006568380277 8.0962148329627218
-2.1104770420287296 8.1386667401750925
-2.1094822413970062 8.1811170389018011
-2.1084167694561109 8.2235656193321062
-2.1072810137381247 8.2660123773938707
-2.1060753030793080 8.3084572056870804
-2.1048000000000000 8.3508999999999993
-2.1033289090370301 8.3972615572417011
-2.1017774591126275 8.4436204949088759
-2.1001451385486541 8.4899766561289229
-2.0984311132112781 8.5363298682142293
-2.0966344987448463 8.5826799604331028
-2.0947543383734900 8.6290267388455994
-2.0927893937897539 8.6753700012792097
-2.0907383744500506 8.7217095340765503
-2.0886002802730554 8.7680452154698017
-2.0863740938262363 8.8143767480452584
-2.0840583997522073 8.8607038946144040
-2.0816517027478952 8.9070264027266923
-2.0791525223071592 8.9533440269921134
-2.0765593388480799 8.9996564834160134
-2.0738705590748995 9.0459634897525963
-2.0710846272768967 9.0922647527649794
-2.0682003354449155 9.1385609730872486
-2.0652165826168519 9.1848508896410851
-2.0621317635360321 9.2311341826953464
-2.0589441798590840 9.2774105117957676
-2.0556520966091362 9.3236795423871855
-2.0522537492271596 9.3699408895256505
-2.0487472837988319 9.4161941695173225
-2.0451308069656839 9.4624389779297634
-2.0414024402528726 9.5086750740757978
-2.0375602911310726 9.5549018541420796
-2.0336023386015923 9.6011188657105932
-2.0295265142508117 9.6473256314750495
-2.0253307260872083 9.6935216837177794
-2.0210128425366364 9.7397064838447754
-2.0165706823045860 9.7858794994699182
-2.0120020513497256 9.8320401728905388
-2.0073031370063251 9.8782049179378884
-2.0024734939905226 9.9243561695962489
-1.9975108017198689 9.9704933074558780
-1.9924126601301417 10.0166156746629362
-1.9871765997659154 10.0627226229488113
-1.9818000978101938 10.1088134054882117
-1.9762805427424333 10.1548872799948517
-1.9706152501247332 10.2009434615534165
-1.9648014166336512 10.2469814724027006
-1.9588362521826478 10.2930001198827527
-1.9527168461370632 10.3389985160136016
-1.9464402030925654 10.3849757204637767
-1.9400032173841459 10.4309308021481522
-1.9334027121023800 10.4768626826632519
-1.9266354059722967 10.5227702906326443
-1.9196979011524451 10.5686524868377544
-1.9125858531621305 10.6145122699446363
-1.9052961448082344 10.6603441484283068
-1.8978251354349165 10.7061468302094695
-1.8901691058614174 10.7519189489125879
-1.8823241779442118 10.7976591485015344
-1.8742863661136313 10.8433658475011230
-1.8660515617535319 10.8890374758085164
-1.8576154946219256 10.9346723572748776
-1.8489733535815545 10.9802694822553510
-1.8401205356587107 11.0258261724673445
-1.8310523836873230 11.0713405013800537
-1.8217640509305275 11.1168104078144142
-1.8122502352498774 11.1622338011056505
-1.8025055157460396 11.2076082188835928
-1.7925241928154988 11.2529311941906789
-1.7823000000000000 11.2981999999999996
-1.7732669906229783 11.3372520551351250
-1.7640395795436147 11.3762586334707683
-1.7546133346246510 11.4152176519512207
-1.7449841697036394 11.4541270132561366
-1.7351478654713097 11.4929846396753344
-1.7251001919913025 11.5317881481445959
-1.7148371681387764 11.5705352687239727
-1.7043547144480407 11.6092236025781446
-1.6936478372408524 11.6478515442860499
-1.6827119393080620 11.6864152738323831
-1.6715425164072287 11.7249120313930149
-1.6601349923383343 11.7633389066919162
-1.6484845423869200 11.8016929942054403
-1.6365862861847629 11.8399709318773331
-1.6244351859359815 11.8781693788948843
-1.6120259746528074 11.9162847572497970
-1.5993482388808952 11.9543264247657038
-1.5864001279140226 11.9922769171746670
-1.5731757769908288 12.0301320626516257
-1.5596692194649192 12.0678874384307221
-1.5458742062936345 12.1055386516286107
-1.5317844712035830 12.1430805696504826
-1.5173935100302887 12.1805080872030727
-1.5026946478413913 12.2178157577815544
-1.4876798644698353 12.2550003397357805
-1.4723429847494531 12.2920532340255365
-1.4566767600993441 12.3289681304467666
-1.4406737719292468 12.3657382887576246
-1.4243261121785908 12.4023569795753947
-1.4076260389952160 12.4388163000874473
-1.3905654060813588 12.4751083607452517
-1.3731357706896483 12.5112246544687662
-1.3551674202290130 12.5474742983510760
-1.3368036515153158 12.5835252386786225
-1.3180353844517880 12.6193673409152571
-1.2988536117628256 12.6549898582016343
-1.2792487673132756 12.6903821414133909
-1.2592118354117093 12.7255316079357185
-1.2387334329414862 12.7604258209830937
-1.2178041623559174 12.7950514863873006
-1.1964101832331360 12.8294011128910394
-1.1745456958306538 12.8634531814666642
-1.1522010025757630 12.8971922314302150
-1.1293665696795481 12.9306017732320175
-1.1060321388528592 12.9636655196463572
-1.0821889541263291 12.9963642892111871
-1.0578276747239231 13.0286791050609065
-1.0329393509901636 13.0605897709776019
-1.0074511229227611 13.0921528672179804
-0.9814156833156827 13.1232661232154084
-0.9548250364516098 13.1539064842706810
-0.9276720495626665 13.1840496348899538
-0.8999488618468349 13.2136717744512940
-0.8716509494010202 13.2427453782961521
-0.8427733384746182 13.2712435917131016
-0.8133124246645110 13.2991383786498767
-0.7832526505860167 13.3264125279590179
-0.7526051688720271 13.3530245760346193
-0.7213699995877886 13.3789447176118525
-0.6895491461197771 13.4041423925872582
-0.6571443249547028 13.4285882739997802
-0.6241626854115197 13.4522501633119015
-0.5906113756900265 13.4750975532883683
-0.5565000000000000 13.4970999999999997
-0.5390048107599347 13.5079173866526688
-0.5213706212502447 13.5185066671228131
-0.5035989733970480 13.5288636363731926
-0.4856914881981805 13.5389839255648945
-0.4676497233068025 13.5488632226775652
-0.4494756600843231 13.5584969767652252
-0.4311711812182482 13.5678806187282732
-0.4127383437316747 13.5770095389953601
-0.3941779912225294 13.5858799724576998
-0.3754939310169547 13.5944867819309014
-0.3566886067037710 13.6028253658556045
-0.3377646514319948 13.6108911033460731
-0.3187246684083598 13.6186795267877836
-0.2995718002901576 13.6261860663430285
-0.2803091442475644 13.6334062796717859
-0.2609400247788550 13.6403358257849797
-0.2414570259046230 13.6469742938543789
-0.2218747137002968 13.6533138168785546
-0.2021969123794752 13.6593504906979094
-0.1824276406915521 13.6650805162259585
-0.1625708966214178 13.6705002672454655
-0.1426311470356577 13.6756061827008408
-0.1226128343429567 13.6803949017451721
-0.1025205749959971 13.6848632109872462
-0.0823580101974475 13.6890081848719558
-0.0621310715180657 13.6928266635508492
-0.0418447586401706 13.6963160556632606
-0.0215042091781462 13.6994739655854962
-0.0011145355499923 13.7022980997471160
0.0193188436657874 13.7047863799261968
0.0397905290650138 13.7069369668431807
0.0602950357179151 13.7087480808908121
0.0808501673663473 13.7102184142121032
0.1014270951691001 13.7113432961438540
0.1220200331177640 13.7121219517474163
0.1426231542524393 13.7125541524142136
0.1632306056544903 13.7126399611357537
0.1838365927642294 13.7123797464977046
0.2044353214425960 13.7117743568102103
0.2250210606746523 13.7108249042792921
0.2455875045066588 13.7095324216508370
0.2661296109651443 13.7078981066603342
0.2866418205055354 13.7059238021945542
0.3071186940184295 13.7036116020541151
0.3275547471333169 13.7009637064107391
0.3479448406458114 13.6979824810243530
0.3682838163321536 13.6946705201159956
0.3885666373335276 13.6910304391753672
0.4087804944654429 13.6870657373697891
0.4289281156891853 13.6827771199257587
0.4490047256574407 13.6781675699972686
0.4690057321913376 13.6732403034130753
0.4889265024047352 13.6679986607086707
0.5087628270575742 13.6624459921247553
0.5285104870891252 13.6565858647981089
0.5481654217106076 13.6504218795587141
0.5677224439144088 13.6439578196527973
0.5871787840068903 13.6371967533054708
0.6065306937698783 13.6301423880178064
0.6257745772115998 13.6227984496215456
0.6449067700172980 13.6151686546895019
0.6639239620287287 13.6072565765642668
0.6828227970947039 13.5990658501000315
0.7016000000000000 13.5906000000000002
0.7335928681471672 13.5754100103588945
0.7652000354659745 13.5594329526929835
0.7964056371622418 13.5426853306516164
0.8271951743476649 13.5251845643491365
0.8575544277615516 13.5069496173006108
0.8874722873393379 13.4879991756172358
0.9169378775551933 13.4683531288935863
0.9459418473628760 13.4480317634367187
0.9744679215665897 13.4270621457321567
1.0025177628203772 13.4054596416692344
1.0300855700389340 13.3832455183977291
1.0571669393037631 13.3604408981136043
1.0837575125091576 13.3370678966190525
1.1098560351076070 13.3131467156190687
1.1354610927524629 13.2886982742016963
1.1605724802273408 13.2637430446130583
1.1851354863306388 13.2383602360557255
1.2092097850228805 13.2125134493779661
1.2327974102722373 13.1862219567021944
1.2559011742844675 13.1595042707902104
1.2785236736487014 13.1323793687931065
1.3006695139542946 13.1048639268923045
1.3223428943661990 13.0769749680750708
1.3435485900731423 13.0487287663485908
1.3642872556097760 13.0201478195832860
1.3845693579631879 12.9912410886998522
1.4044004331895764 12.9620232139290463
1.4237863454242962 12.9325080964875568
1.4427328515597689 12.9027099900720697
1.4612467529161749 12.8726411906737653
1.4793344509410950 12.8423141986900335
1.4970027677778807 12.8117409776824756
1.5140758945964319 12.7812675981488226
1.5307550663806670 12.7505768218771743
1.5470472646088853 12.7196789570303925
1.5629593420252003 12.6885836267138522
1.5784978286117063 12.6573005452373964
1.5936697272642096 12.6258380398803882
1.6084815826813761 12.5942044983982515
1.6229399030798266 12.5624078165138653
1.6370497714434926 12.5304588855440805
1.6508191426261085 12.4983617362534129
1.6642542740275553 12.4661232997351889
1.6773613453240372 12.4337500974384954
1.6901462760351980 12.4012487034567341
1.7026151373574083 12.3686247465941103
1.7147737344520793 12.3358839288431679
1.7266277734202660 12.3030316170454926
1.7381765243225656 12.2700909450050415
1.7494319324092756 12.2370488913357923
1.7603993731321356 12.2039101710019275
1.7710841440703804 12.1706792334380731
1.7814913334054642 12.1373605618813123
1.7916260529182594 12.1039580032284104
1.8014932348658458 12.0704754618486876
1.8110976910570268 12.0369166138633453
1.8204435579227310 12.0032864024944498
1.8295356904833100 11.9695867070998485
1.8383785564549547 11.9358207663320639
1.8469765193050969 11.9019916358473235
1.8553336658306084 11.8681023647342537
1.8634540567665009 11.8341555851274589
1.8713416075826955 11.8001539659002303
1.8790000000000000 11.7660999999999998
1.8944492708961693 11.6939260498202286
1.9089115282232440 11.6215478613323920
1.9224209636114831 11.5489860344527510
1.9350102765060444 11.4762589228267362
1.9467102304057010 11.4033852732616085
1.9575506265258606 11.3303788109849501
1.9675595458656581 11.2572538848289419
1.9767637315479629 11.1840233156819123
1.9851873398761625 11.1107092783684418
1.9928557215233715 11.0373124039977942
1.9997918066500571 10.9638428262562775
2.0060174503644975 10.8903096399337589
2.0115533648331379 10.8167222018240525
2.0164194212562711 10.7430874349578441
2.0206344879978220 10.6694126202009261
2.0242165377619529 10.5957043164856106
2.0271808827086030 10.5220141779229414
2.0295460450580126 10.4483023751406931
2.0313275655421198 10.3745742184836298
2.0325403123510174 10.3008345131379934
2.0331984890111654 10.2270882470885918
2.0333156863900199 10.1533391371446781
2.0329049130542960 10.0795911236299703
2.0319786183853900 10.0058477835219630
2.0305487369269049 9.9321154337179856
2.0286266174364210 9.8583942737619342
2.0262232249341505 9.7846872690669056
2.0233490761097165 9.7109971197580059
2.0200142329145914 9.6373266570199150
2.0162283331309090 9.5636779963259932
2.0120006465179591 9.4900534014398962
2.0073400252262111 9.4164549441502619
2.0022648741172107 9.3430263171595155
1.9967744315821174 9.2696275742459329
1.9908764750061865 9.1962604735547466
1.9845785252337212 9.1229266260880703
1.9778878437364967 9.0496277352890679
1.9708113908058269 8.9763650816026133
1.9633559166722248 8.9031400445348243
1.9555279266189065 8.8299538933868030
1.9473337867523953 8.7568089443824198
1.9387793949430169 8.6837052517685894
1.9298705865216673 8.6106439170035160
1.9206129934611014 8.5376259570493555
1.9110120599546916 8.4646524589629875
1.9010730193619639 8.3917242420695808
1.8908009450863794 8.3188421988915472
1.8802007248332513 8.2460071588468472
1.8692778948611933 8.1732259113066482
1.8580360745904912 8.1004932523073551
1.8464797020984996 8.0278099177535621
1.8346130866627052 7.9551765899685072
1.8224404029334074 7.8825940051271517
1.8099656678212106 7.8100627233564108
1.7971927958037092 7.7375833574936034
1.7841255637689813 7.6651564827688111
1.7707676073648719 7.5927831753606341
1.7571222879433646 7.5204634969710173
1.7431930676124941 7.4481979691884770
1.7289832964578661 7.3759870829700671
1.7144961167638633 7.3038313917822638
1.6997345730219472 7.2317313295587716
1.6847016224186891 7.1596873721682257
1.6694000000000000 7.0876999999999999
1.6605557836059306 7.0466877210757336
1.6516211824506677 7.0056950377239047
1.6425960955056299 6.9647221808761626
1.6334805752155527 6.9237693484652995
1.6242746570185309 6.8828367419006895
1.6149783107574710 6.8419245779855665
1.6055916297231405 6.8010330455427546
1.5961146888112960 6.7601623372382096
1.5865474080697634 6.7193126745137086
1.5768896497800847 6.6784843080228614
1.5671413652030145 6.6376774610103449
1.5573024935064708 6.5968923605564117
1.5473729475755241 6.5561292392491308
1.5373526175990921 6.5153883393048451
1.5272413800771467 6.4746699057023259
1.5170390823358091 6.4339741924137611
1.5067454727634580 6.3933012957149363
1.4963603494999859 6.3526516691643299
1.4858834618339728 6.3120255965068896
1.4753145365009755 6.2714233703112805
1.4646532796880549 6.2308452866018273
1.4538993765589768 6.1902916573949013
1.4430524884256788 6.1497627993734824
1.4321122576690101 6.1092590382433422
1.4210783014629025 6.0687806689715894
1.4099502421435957 6.0283280687554763
1.3987276703722420 5.9879015860964355
1.3874101566117694 5.9475015799129407
1.3759972408710605 5.9071284148079478
1.3644884530290987 5.8667824743838079
1.3528833005356395 5.8264641460223267
1.3411812581040070 5.7861738324322225
1.3293805746497400 5.7459083290989613
1.3174816408707926 5.7056717504224273
1.3054839309711994 5.6654645133951616
1.2933869327030509 5.6252870373034267
1.2811901078660922 5.5851397457244771
1.2688929035279516 5.5450230868070815
1.2564947684407444 5.5049375049269724
1.2439951240300472 5.4648834599637769
1.2313932842923530 5.4248613751287070
1.2186885754828252 5.3848718263267367
1.2058803294215749 5.3449153179737401
1.1929678498439810 5.3049923722146051
1.1799503818739746 5.2651035247860307
1.1668271435910583 5.2252493501176220
1.1535973152973349 5.1854304302828819
1.1402600125407929 5.1456473800143668
1.1268138232606033 5.1059000154276757
1.1132579047587632 5.0661899402411755
1.0995912728539552 5.0265178303144768
1.0858129269499113 4.9868843808329329
1.0719217943805750 4.9472903037048506
1.0579167541239046 4.9077363740000482
1.0437966456343038 4.8682233734215095
1.0295602336602852 4.8287521275254940
1.0152060262514296 4.7893233774626600
1.0007326008415314 4.7499382335787284
0.9861385268781454 4.7105976333316345
0.9714222883782588 4.6713025681571767
0.9565821718930414 4.6320540882783398
0.9416163948686229 4.5928533517017183
0.9265230506017599 4.5537015508665600
0.9113000000000000 4.5145999999999997
0.9021616854232985 4.4913161180933055
0.8929734752824979 4.4680518806384452
0.8837344482207258 4.4448077763694690
0.8744437626989496 4.4215842717491356
0.8651005353281665 4.3983818446154487
0.8557038302191136 4.3752010237566073
0.8462527641545021 4.3520423119322688
0.8367464142698533 4.3289062384756287
0.8271837062702300 4.3057932854278772
0.8175635589593108 4.2827041808850449
0.8078848393790166 4.2596395661266626
0.7981463705634540 4.2366001153564104
0.7883469399023191 4.2135865091110448
0.7784852927299977 4.1905994947605955
0.7685601171315940 4.1676398364752185
0.7585700743185264 4.1447083283731878
0.7485133657248251 4.1218043525795751
0.7383892914890449 4.0989300741043656
0.7281962715274676 4.0760864320760465
0.7179326298601944 4.0532744331110081
0.7075966279703858 4.0304950966013917
0.6971864892112089 4.0077495449945576
0.6867003253263603 3.9850389381971413
0.6761361939227606 3.9623644939522601
0.6654920993993735 3.9397271354116336
0.6547661944323391 3.9171284249936072
0.6439562566864678 3.8945697848733069
0.6330599963749152 3.8720527133636784
0.6220751572979792 3.8495786671079003
0.6109994136025763 3.8271492813328333
0.5998303478703963 3.8047662138151252
0.5885656677668861 3.7824311131214275
0.5771817272887479 3.7601006600158245
0.5656996167434763 3.7378205259467150
0.5541164143663320 3.7155927710299249
0.5424288381464658 3.6934197191864013
0.5306334372710729 3.6713037314842123
0.5187267300993936 3.6492474689226975
0.5067048271607393 3.6272537679072021
0.4945636908594235 3.6053256616520259
0.4822987798811494 3.5834652779605329
0.4699064879148903 3.5616768517606609
0.4573822870210533 3.5399639592770095
0.4447214547282501 3.5183304520789313
0.4319189744352719 3.4967802443288263
0.4189698003430584 3.4753178622137318
0.4058685380558058 3.4539479496593374
0.3926096187581828 3.4326754957538528
0.3791765408758556 3.4114884689845289
0.3655741648750872 3.3904097343960761
0.3517960246353210 3.3694454210935702
0.3378353751991442 3.3486022004203520
0.3236849446792504 3.3278868481725831
0.3093376525441421 3.3073073508260164
0.2947858303877878 3.2868718963753930
0.2800215960827975 3.2665893740455391
0.2650337700516398 3.2464651031573538
0.2498169621511574 3.2265134123708283
0.2343623487268901 3.2067452473553397
0.2186609733012000 3.1871725052399726
0.2027030943240082 3.1678071325302307
0.1864799548291137 3.1486634310446999
0.1699820341034814 3.1297558580045701
0.1532000000000000 3.1111000000000000
0.1437684088845983 3.1008685315559364
0.1342463882826370 3.0907211682951766
0.1246325976076209 3.0806606883082322
0.1149256936617419 3.0706900190981837
0.1051242671015681 3.0608120686233556
0.0952271493733856 3.0510299968145754
0.0852330778880499 3.0413469785917319
0.0751408646184138 3.0317662929128203
0.0649484482599388 3.0222905034401616
0.0546556489497091 3.0129238487697899
0.0442615450850783 3.0036697136753426
0.0337653179637376 2.9945315723045689
0.0231660302861537 2.9855129188843711
0.0124630900471413 2.9766175223768536
0.0016558581558072 2.9678490963406461
-0.0092562525666990 2.9592115390536997
-0.0202839274036592 2.9507022388701083
-0.0314185971596554 2.9423334318255469
-0.0426603461532852 2.9341089907598369
-0.0540090084037098 2.9260327158508888
-0.0654645034941385 2.9181083854240611
-0.0770263491875230 2.9103400455343067
-0.0886940279788154 2.9027315492341113
-0.1004669016388468 2.8952868605158505
-0.1123459099106511 2.8880095205184257
-0.1243290177921847 2.8809048994546924
-0.1364152635484121 2.8739771427794185
-0.1486035272428680 2.8672304860409936
-0.1608928935908772 2.8606693073698218
-0.1732819079322128 2.8542982859100555
-0.1857692071866085 2.8481220611721041
-0.1983533590863398 2.8421456478959828
-0.2111498358105106 2.8363240923824570
-0.2240430127223375 2.8307199587054611
-0.2370307891131735 2.8253386076559497
-0.2501106675818162 2.8201851569729636
-0.2632802202262041 2.8152645549167489
-0.2765362461515083 2.8105819041592620
-0.2898755346054588 2.8061418961756228
-0.3032945830685158 2.8019491136033205
-0.3167918069903236 2.7980076328782252
-0.3303613011050933 2.7943226425972404
-0.3439989231593914 2.7908982676554950
-0.3577002520535344 2.7877384155114774
-0.3714608979352430 2.7848467421019886
-0.3852758434897513 2.7822267364693798
-0.3991401066012251 2.7798815417232586
-0.4130484942458407 2.7778140594020494
-0.4270047048149091 2.7760261531200766
-0.4409943232922483 2.7745218269653524
-0.4550117089483279 2.7733029587155441
-0.4690510896653508 2.7723710094013943
-0.4831066789609176 2.7717270809321838
-0.4971725271455440 2.7713719060933305
-0.5112427038470058 2.7713057887256407
-0.5253112705206230 2.7715286691120705
-0.5393720094888486 2.7720402731576119
-0.5534193088450205 2.7728399604903144
-0.5674473223042919 2.7739265516718642
-0.5814503060917365 2.7752985163426504
-0.5954224791801973 2.7769540601824375
-0.6093584138124780 2.7788911126195604
-0.6232526777379831 2.7811072820107543
-0.6371000000000000 2.7835999999999999
-0.6896091195477534 2.7956643753908896
-0.7410782928211407 2.8115917415198699
-0.7912713827071528 2.8311563693459088
-0.8400163980121504 2.8540920275486346
-0.8871376425375704 2.8800761666369063
-0.9326177154874077 2.9088363845474254
-0.9764208601878544 2.9400805105817182
-1.0185554769946268 2.9735407102798893
-1.0587888940105644 3.0087296689378479
-1.0974484196376217 3.0456408018722451
-1.1345878834456186 3.0840761710440967
-1.1702727018881503 3.1238657564659829
-1.2045546929215032 3.1648406804376926
-1.2375159755821819 3.2068853370430346
-1.2692212954655173 3.2498828559548809
-1.2997354395824266 3.2937337504758791
-1.3285817054030824 3.3375116128995526
-1.3563944007090244 3.3819532855728540
-1.3832247217412674 3.4269938951291961
-1.4091215900075878 3.4725776076798092
-1.4341278726047667 3.5186496959791443
-1.4582887688051756 3.5651706867723849
-1.4816437321815315 3.6121009645804443
-1.5042299685939607 3.6594060088587706
-1.5260714104985284 3.7070310101780046
-1.5472115975254216 3.7549714088788458
-1.5676804285488895 3.8032019995295803
-1.5875060141513742 3.8517005466573505
-1.6067139374657221 3.9004451087415720
-1.6253293872145812 3.9494189964929042
-1.6433752395380271 3.9986054560024576
-1.6608730909770739 4.0479895200330900
-1.6773811317945869 4.0961837428051735
-1.6934086720125251 4.1445398848638641
-1.7089721963812495 4.1930472683753958
-1.7240872280826205 4.2416962700360389
-1.7387681867315756 4.2904773397313690
-1.7530290631497942 4.3393828681638200
-1.7668828334698231 4.3884052135932504
-1.7803417952479482 4.4375374194396958
-1.7934166744378207 4.4867694068347259
-1.8061195193484225 4.5360986961046045
-1.8184607740498058 4.5855196461011495
-1.8304503660725799 4.6350270854339694
-1.8420976421361481 4.6846158532874903
-1.8534116295461219 4.7342817231159582
-1.8644008355326402 4.7840204332863224
-1.8750733707668896 4.8338280524755522
-1.8854336795714813 4.8836849717911257
-1.8954925577272205 4.9336035792678383
-1.9052570451067222 4.9835805837147209
-1.9147338808774968 5.0336129309616964
-1.9239294629844402 5.0836975606634181
-1.9328499738252459 5.1338319136460106
-1.9415013004235776 5.1840134016803137
-1.9498890767206235 5.2342396139806518
-1.9580184023003890 5.2845072313437797
-1.9658945424985898 5.3348151403176773
-1.9735225302055849 5.3851612602356995
-1.9809072048535915 5.4355436437402641
-1.9880530268222932 5.4859603579486127
-1.9949643641580480 5.5364097510015136
-2.0016454102107640 5.5868901481036038
-2.0081000000000002 5.6374000000000004
