0.0000000000000000 0.0000000000000000
-0.0103563076852075 0.0185273957712958
-0.0203799649895619 0.0372368531974687
-0.0300716702037132 0.0561203577004218
-0.0394321810325567 0.0751702062377241
-0.0484621248485866 0.0943786198097195
-0.0571623988190712 0.1137385854634075
-0.0655337473522009 0.1332430030560779
-0.0735769285313270 0.1528850248056879
-0.0812919941185714 0.1726561768688017
-0.0886803918026598 0.1925517108043364
-0.0957427922653672 0.2125652620872800
-0.1024798476274170 0.2326906644509432
-0.1088921125430959 0.2529217093302479
-0.1149802075961526 0.2732526565999212
-0.1207446459250761 0.2936777115723435
-0.1261859007379139 0.3141912282366359
-0.1313024367285174 0.3347795239054149
-0.1360968231698455 0.3554452132899822
-0.1405693616712305 0.3761829274107900
-0.1447202988763263 0.3969874006779043
-0.1485498034342600 0.4178533531962900
-0.1520580098511675 0.4387757232196677
-0.1552449706832352 0.4597494232772987
-0.1581106737223173 0.4807694270723601
-0.1606550028044919 0.5018304524687025
-0.1628778483758372 0.5229278304761643
-0.1647789918028158 0.5440566255622400
-0.1663581439698082 0.5652119229260873
-0.1676149414016873 0.5863888205422393
-0.1685489487279319 0.6075824083164762
-0.1691596584842954 0.6287877775577547
-0.1694464861785347 0.6500000000000000
-0.1694084784121788 0.6712422236349807
-0.1690442797982406 0.6924813589497349
-0.1683530908627479 0.7137123759030335
-0.1673340461741897 0.7349301837761036
-0.1659862013797886 0.7561297328251404
-0.1643085504233603 0.7773057346371139
-0.1623000162229205 0.7984529301225686
-0.1599594530404190 0.8195659557352819
-0.1572854867178615 0.8406404636721853
-0.1542769353508445 0.8616698145739320
-0.1509324450398286 0.8826483779252468
-0.1472506029023744 0.9035703705215668
-0.1432298890802990 0.9244300823748800
-0.1388687930019198 0.9452212958853375
-0.1341657108854692 0.9659378535629848
-0.1291189890889308 0.9865733894783350
-0.1237224319236805 1.0071377139524980
-0.1179781226762660 1.0276076231263694
-0.1118842712671813 1.0479762407322137
-0.1054390800529978 1.0682364262787906
-0.0986406037356804 1.0883811526760329
-0.0914870748258852 1.1084025488809334
-0.0839766099921135 1.1282928457828153
-0.0761073433879713 1.1480439378026827
-0.0678760214723645 1.1676505409976436
-0.0592819583528141 1.1871008784862371
-0.0503233196799582 1.2063860670776411
-0.0409983521595911 1.2254968150122696
-0.0313050508445858 1.2444239791919439
-0.0212419558921469 1.2631571517541671
-0.0108074412550153 1.2816860823694594
0.0000000000000000 1.3000000000000000
0.0064971176379601 1.3106102588538308
0.0131239718329586 1.3211399755653582
0.0198808978553466 1.3315867128487874
0.0267681103790650 1.3419480193684378
0.0337858382153118 1.3522214814307076
0.0409341750802742 1.3624044970348178
0.0482131676322341 1.3724945433026300
0.0556228058378115 1.3824890431860922
0.0631635735509555 1.3923859245363107
0.0708350101688861 1.4021818674914819
0.0786369786889576 1.4118741832136678
0.0865692702569736 1.4214601337313108
0.0946317051751128 1.4309370142139613
0.1028239203962005 1.4403019344091926
0.1111455571610252 1.4495520566550643
0.1195961977963093 1.4586844754399504
0.1281802699631975 1.4677010955516038
0.1368927040571177 1.4765937456269928
0.1457328828881214 1.4853594325688407
0.1547000818352996 1.4939951359199487
0.1637935940666315 1.5024978871325214
0.1730124780219381 1.5108645424680112
0.1823557859759214 1.5190920357096849
0.1918224740679247 1.5271772608230307
0.2014121946368558 1.5351176265390538
0.2111230821596644 1.5429093408442460
0.2209538372432109 1.5505492829949718
0.2309030513010278 1.5580343081259151
0.2409693643004469 1.5653612953231507
0.2511511264427540 1.5725269856924180
0.2614466962998649 1.5795281983546391
0.2718543547354535 1.5863616735548881
0.2824211722136064 1.5930538814174350
0.2930979102307511 1.5995692895401383
0.3038824397609440 1.6059047077838604
0.3147724405197726 1.6120570638352605
0.3257655839763329 1.6180233921486508
0.3368592397950591 1.6238006819263338
0.3480507310715883 1.6293861153689273
0.3593372555583695 1.6347769324446183
0.3707166720943488 1.6399706388886553
0.3821853467567170 1.6449641555667996
0.3937401845013732 1.6497549452365427
0.4053779713603331 1.6543405594800730
0.4170954919945163 1.6587186424493691
0.4288892924791067 1.6628868759394973
0.4407559068922609 1.6668430815235911
0.4526917808701190 1.6705851414695010
0.4646975255581403 1.6741119983222345
0.4767653588787267 1.6774201736078221
0.4888914856597066 1.6805078639329502
0.5010720195759992 1.6833734137521526
0.5133030623118592 1.6860152944596844
0.5255805657865932 1.6884320792054069
0.5379004710611360 1.6906225066921882
0.5502586643290774 1.6925854375877536
0.5626512352826648 1.6943198274186465
0.5750737681606036 1.6958246861567785
0.5875220391411281 1.6970992539398298
0.5999917932270308 1.6981429044921102
0.6124787677668164 1.6989551285187330
0.6249786624511391 1.6995355369159136
0.6374871759856759 1.6998838745312389
0.6500000000000000 1.7000000000000000
0.6625128734834748 1.6998838816156463
0.6750214372139826 1.6995355718505572
0.6875213837941292 1.6989552166432615
0.7000084130120400 1.6981430725771049
0.7124782256052003 1.6970995296202331
0.7249265600703570 1.6958250975683099
0.7373491622742880 1.6943204007717193
0.7497418090571940 1.6925861967234860
0.7621000864203142 1.6906234752565788
0.7744200841552945 1.6884332810299064
0.7866976888920519 1.6860167506573191
0.7989288418333874 1.6833751422761719
0.8111094951823660 1.6805098797323640
0.8232357502197507 1.6774224885648517
0.8353037202239784 1.6741146208725904
0.8473096095063021 1.6705880770641244
0.8592456473151433 1.6668463321765989
0.8711124340960222 1.6628904473356857
0.8829064148613133 1.6587225375741468
0.8946241227094170 1.6543447782318716
0.9062621028411277 1.6497594844095165
0.9178171384296251 1.6449690091166068
0.9292860139994795 1.6399757976013025
0.9406656328209503 1.6347823841235018
0.9519523611644376 1.6293918451072388
0.9631440548539855 1.6238066736734448
0.9742379096815312 1.6180296271818214
0.9852312466439066 1.6120635209530730
0.9961214336932701 1.6059113639086376
1.0069061402809851 1.5995761201022465
1.0175830442573323 1.5930608604580604
1.0281500151108116 1.5863687745550687
1.0385578459966897 1.5795353766661890
1.0488535773682778 1.5725342206201575
1.0590354892444620 1.5653685662568550
1.0691019390431311 1.5580415941428387
1.0790512758484370 1.5505565628806178
1.0888821384788487 1.5429165932600096
1.0985931170105541 1.5351248297431037
1.1081829107103147 1.5271843927562206
1.1176496533010039 1.5190990743451688
1.1269929960926816 1.5108714662745526
1.1362118940979310 1.5025046745917903
1.1453053984775192 1.4940017655841423
1.1542725667023779 1.4853658832113368
1.1631126909997272 1.4765999963345136
1.1718250458555978 1.4677071257588231
1.1804090133569924 1.4586902650997247
1.1888595232292690 1.4495575879678047
1.1971810040881957 1.4403071898676226
1.2053730378508103 1.4309419770056394
1.2134352653304996 1.4214647876974206
1.2213673231402563 1.4118785129422840
1.2291690313584622 1.4021858583184839
1.2368401808945572 1.3923895625491760
1.2443806346261090 1.3824923152789894
1.2517899320711234 1.3724974378324010
1.2590685577095432 1.3624070031233927
1.2662165016139383 1.3522235890551801
1.2732338106435568 1.3419497193787687
1.2801205790419284 1.3315879972298410
1.2868770362945052 1.3211408373163290
1.2935033978009863 1.3106106920554965
1.3000000000000000 1.3000000000000000
1.3108062872077649 1.2816857416169637
1.3212396215874634 1.2631564826717517
1.3313015137996284 1.2444229967289788
1.3409935933879311 1.2254955361568020
1.3503173235351044 1.2063845109257885
1.3592747127817304 1.1870990654520077
1.3678675176365824 1.1676484928067722
1.3760975756392498 1.1480416772373362
1.3839655755626317 1.1282903985549907
1.3914747750010396 1.1083999396317726
1.3986270429560420 1.0883784066359716
1.4054242658617218 1.0682335690547796
1.4118682142565522 1.0479732983811230
1.4179608365271553 1.0276046216309555
1.4237039332901467 1.0071346792865731
1.4290992976096760 0.9865703474503337
1.4341448475688747 0.9659348414964945
1.4388467842706954 0.9452183390983151
1.4432067642908386 0.9244272056834204
1.4472263942824220 0.9035675980844564
1.4509071876313972 0.8826457333050465
1.4542506670163678 0.8616673203257945
1.4572582480599122 0.8406381414055727
1.4599312873709085 0.8195638259805332
1.4622709694840683 0.7984510134465615
1.4642786713498430 0.7773040491560674
1.4659555413195807 0.7561282953122409
1.4673026590595708 0.7349290095331317
1.4683210331898833 0.7137114788273706
1.4690116106152490 0.6924807511446279
1.4693752592855731 0.6712419154752001
1.4694127811837599 0.6500000000000000
1.4691255367984521 0.6287881889645739
1.4685144822723784 0.6075832355549179
1.4675802045695275 0.5863900658413896
1.4663232136063558 0.5652135861752373
1.4647439471989886 0.5440587043916501
1.4628427712284900 0.5229303197966986
1.4606199772088303 0.5018333445480071
1.4580757861441940 0.4807727113731863
1.4552103101477310 0.4597530879462559
1.4520236675086322 0.4387797517694112
1.4485158727432057 0.4178577259883753
1.4446868755671667 0.3969920947368514
1.4405365437485140 0.3761879165292215
1.4360647107926608 0.3554504674306778
1.4312711322203103 0.3347850092966958
1.4261555085082017 0.3141969071633574
1.4207152773860033 0.2936835595967938
1.4149519714820895 0.2732586275746917
1.4088651195987843 0.2529277526754997
1.4024542105565180 0.2326967248897523
1.3957186257594729 0.2125712797891297
1.3886578122318076 0.1925576205688898
1.3812711195815074 0.1726619082488833
1.3735578786939566 0.1528905018234145
1.3655166444643347 0.1332481469240447
1.3571473650268414 0.1137433086620751
1.3484492835958107 0.0943828286402551
1.3394216568353296 0.0751738004938451
1.3300635883891018 0.0561232310077432
1.3203744512207932 0.0372388918950611
1.3103534878972550 0.0185284791469340
1.3000000000000000 0.0000000000000000
1.2975002670168855 -0.0043580819882380
1.2949812728035476 -0.0087050593008365
1.2924429781240558 -0.0130407952162110
1.2898853515260378 -0.0173651555149044
1.2873083608444931 -0.0216780065893315
1.2847119739679451 -0.0259792088108324
1.2820961636878067 -0.0302686264954134
1.2794609033778066 -0.0345461223274409
1.2768061514908970 -0.0388115681593791
1.2741318825126568 -0.0430648047103213
1.2714380671317201 -0.0473056886711301
1.2687246765920789 -0.0515340748709707
1.2659916807078396 -0.0557498183984182
1.2632390515660855 -0.0599527688859271
1.2604667602585077 -0.0641427764541508
1.2576747779236856 -0.0683196888494357
1.2548629890857714 -0.0724834816299180
1.2520314503511921 -0.0766338689832132
1.2491801293784064 -0.0807706912328302
1.2463089936607209 -0.0848937858600979
1.2434180096179432 -0.0890029910434792
1.2405071469450283 -0.0930981387177583
1.2375763735393982 -0.0971790609483020
1.2346256584439461 -0.1012455876520586
1.2316549620232336 -0.1052975681804116
1.2286642708759088 -0.1093348135144852
1.2256535547020683 -0.1133571480074924
1.2226227846774773 -0.1173643939084947
1.2195719339926235 -0.1213563765913429
1.2165009801394994 -0.1253329150450002
1.2134099000751836 -0.1292938294456921
1.2102986761084335 -0.1332389408867467
1.2071663361895365 -0.1371693297463127
1.2040138719527708 -0.1410835958577096
1.2008412645157555 -0.1449815537206561
1.1976484913725100 -0.1488630113214141
1.1944355280076220 -0.1527277769574882
1.1912023546784335 -0.1565756513355463
1.1879489463704963 -0.1604064326341553
1.1846752793111601 -0.1642199159447972
1.1813813174156271 -0.1680159214006969
1.1780670641283512 -0.1717942236038333
1.1747324992097942 -0.1755546123313807
1.1713776040340653 -0.1792968743396062
1.1680023597872014 -0.1830207985102031
1.1646067543380583 -0.1867261660477212
1.1611907741183931 -0.1904127591133679
1.1577544093802555 -0.1940803586933798
1.1542974902423371 -0.1977289369684011
1.1508201930068457 -0.2013580990329978
1.1473225131728894 -0.2049676216646504
1.1438044477991002 -0.2085572781767727
1.1402659934409075 -0.2121268439484676
1.1367071549835365 -0.2156760872308879
1.1331279356540599 -0.2192047771710493
1.1295283423046400 -0.2227126813061574
1.1259083659390700 -0.2261995956468076
1.1222680471841461 -0.2296652672799642
1.1186073988753641 -0.2331094593857782
1.1149264380140357 -0.2365319339933844
1.1112251862221410 -0.2399324607392977
1.1075036737586502 -0.2433108023384789
1.1037619313066761 -0.2466667246931440
1.1000000000000001 -0.2500000000000000
1.0882969467530516 -0.2601154383896030
1.0764066120601975 -0.2700100576347623
1.0643304783055080 -0.2796771045774850
1.0520703145361294 -0.2891096645376429
1.0396277869720117 -0.2983009730057218
1.0270054268591908 -0.3072437169202861
1.0142056926588055 -0.3159307658388390
1.0012313965078368 -0.3243548772994505
0.9880827745025562 -0.3325105096004311
0.9747659704660465 -0.3403885378511895
0.9612846443640102 -0.3479816852731784
0.9476428684208748 -0.3552826434540470
0.9338446393146102 -0.3622843536392507
0.9198950515833042 -0.3689794319892887
0.9057991461812417 -0.3753608079114812
0.8915624117340363 -0.3814214926949022
0.8771674082345493 -0.3871636373090015
0.8626431666612944 -0.3925705548450111
0.8479962261269875 -0.3976358105493389
0.8332335704597700 -0.4023531911802522
0.8183621581652845 -0.4067168794529684
0.8033899723720603 -0.4107211685967732
0.7883249574067222 -0.4143608238273610
0.7731754406651670 -0.4176309780440221
0.7579479316726913 -0.4205275590841734
0.7426533520800987 -0.4230460997179420
0.7273007874236246 -0.4251830801753018
0.7118995846108686 -0.4269354725191312
0.6964591105134730 -0.4283007841351603
0.6809891636972106 -0.4292770329063351
0.6654995080882821 -0.4298628083175608
0.6500000000000000 -0.4300572632914871
0.6345009333977240 -0.4298601320502272
0.6190117856037107 -0.4292717215784605
0.6035424100631468 -0.4282929000737593
0.5881025658015513 -0.4269250987977187
0.5727020472998953 -0.4251703202384388
0.5573502118311873 -0.4230310760603061
0.5420563976696666 -0.4205104125308518
0.5268296801274361 -0.4176118664944779
0.5116809825469330 -0.4143399239797042
0.4966167896864923 -0.4106986687470993
0.4816454163986050 -0.4066929807542385
0.4667747935896898 -0.4023281059912713
0.4520128916990486 -0.3976097611555350
0.4373666542714053 -0.3925437711603874
0.4228430511345538 -0.3871363556086277
0.4084486072937565 -0.3813939538863251
0.3942123712076285 -0.3753332693065903
0.3801168580850209 -0.3689521388984724
0.3661675433998332 -0.3622575516195194
0.3523694553435226 -0.3552565770436327
0.3387276762898854 -0.3479565966858089
0.3252461913737427 -0.3403646658754888
0.3119290619025109 -0.3324880885741220
0.2987799377094256 -0.3243341361403155
0.2858049514994306 -0.3159119246534967
0.2730043333143291 -0.3072269901369035
0.2603808873018019 -0.2982865676159997
0.2479370647836109 -0.2890977795991155
0.2356753908235465 -0.2796679294717265
0.2235975266755162 -0.2700037730496861
0.2117052367968068 -0.2601122154632631
0.2000000000000000 -0.2500000000000000
0.1962372122373543 -0.2466676346225520
0.1924946773078085 -0.2433125395334882
0.1887724391168018 -0.2399349413982244
0.1850705286509025 -0.2365350759278873
0.1813889760636295 -0.2331131825153249
0.1777278027865733 -0.2296694934737353
0.1740870237604936 -0.2262042507527909
0.1704666493212837 -0.2227176954396321
0.1668667199907521 -0.2192100833583356
0.1632872256791479 -0.2156816199291824
0.1597281707088465 -0.2121325416540323
0.1561895554389318 -0.2085630835920438
0.1526713820504467 -0.2049734816225612
0.1491736439830949 -0.2013639643829632
0.1456963350071006 -0.1977347628281595
0.1422394474946727 -0.1940861041203137
0.1388031623424736 -0.1904183899632425
0.1353873041196453 -0.1867316440557055
0.1319918599058051 -0.1830260891866753
0.1286168125451936 -0.1793019471901445
0.1252621463933443 -0.1755594408699515
0.1219278388899093 -0.1717987850734733
0.1186138674648648 -0.1680201970305162
0.1153202079301609 -0.1642238907897283
0.1120468615468513 -0.1604100952314392
0.1087937886764435 -0.1565789922563982
0.1055609614445045 -0.1527307904583726
0.1023483507686968 -0.1488656951638709
0.0991559336945784 -0.1449839085091474
0.0959836824327046 -0.1410856247406857
0.0928315713770051 -0.1371710383359516
0.0896995795267811 -0.1332403363785752
0.0865887256880699 -0.1292949430923595
0.0834980210202275 -0.1253337457424517
0.0804274462361648 -0.1213569245237541
0.0773769757759210 -0.1173646611956174
0.0743465845200447 -0.1133571388203040
0.0713362429158689 -0.1093345339206776
0.0683459187389592 -0.1052970266774529
0.0653755781883079 -0.1012447951397370
0.0624252057527972 -0.0971780304196405
0.0594947590913342 -0.0930968841148430
0.0565842038997219 -0.0890015284346079
0.0536935046753763 -0.0848921333860122
0.0508226280125248 -0.0807688689339566
0.0479715371742174 -0.0766318985948546
0.0451401965313461 -0.0724813866002796
0.0423285709468602 -0.0683174940433384
0.0395367181672056 -0.0641405092002663
0.0367645206160616 -0.0599504537042196
0.0340119471127054 -0.0557474808453527
0.0312789663006484 -0.0515317415715504
0.0285655480084704 -0.0473033872167917
0.0258716598794502 -0.0430625634611921
0.0231972709557913 -0.0388094162889632
0.0205423498998559 -0.0345440896695379
0.0179068704509963 -0.0302667429596397
0.0152907900801288 -0.0259775040650106
0.0126940803147380 -0.0216765108039702
0.0101167122987959 -0.0173638992114906
0.0075586533062081 -0.0130398086460231
0.0050198705643630 -0.0087043724260293
0.0025003322422403 -0.0043577243512250
0.0000000000000000 0.0000000000000000
