0.0000000000000000 0.0000000000000000
-0.0104243274812090 0.0185072688226170
-0.0205171816298526 0.0371973704232587
-0.0302789941235401 0.0560624470240725
-0.0397102604548509 0.0750949275167559
-0.0488113611292122 0.0942871665048645
-0.0575829371890563 0.1136322311025314
-0.0660254939790226 0.1331231040760953
-0.0741395564665088 0.1527530017929092
-0.0819249881674297 0.1725136185093588
-0.0893829760806865 0.1924001299196047
-0.0965139806790974 0.2124061989325308
-0.1033184505544066 0.2325256724258538
-0.1097967474890807 0.2527523565180752
-0.1159493004506013 0.2730804939781578
-0.1217764417499872 0.2935042755248292
-0.1272784703799690 0.3140180296752528
-0.1324538084642377 0.3346086437104886
-0.1373047241695055 0.3552780928433252
-0.1418313656268292 0.3760209613339290
-0.1460338322774122 0.3968319283982532
-0.1499121537547952 0.4177056604988004
-0.1534663297541571 0.4386370221901215
-0.1566962858559902 0.4596208544671437
-0.1596018894147529 0.4806520527546706
-0.1621829184616338 0.5017253001015552
-0.1644391514567394 0.5228357922169849
-0.1663702670512136 0.5439785027911742
-0.1679758797662452 0.5651484207332091
-0.1692555402069527 0.5863405490829857
-0.1702087319208555 0.6075498692133781
-0.1708348733332048 0.6287713658985406
-0.1711333173195408 0.6500000000000000
-0.1711030772833435 0.6712612619530408
-0.1707427106795348 0.6925194911880093
-0.1700513662827877 0.7137695394860820
-0.1690281255931421 0.7350061938420861
-0.1676719976059447 0.7562242845286711
-0.1659819365740298 0.7774183910021747
-0.1639568265249166 0.7985831241465608
-0.1615954908149217 0.8197129867454703
-0.1588965389226376 0.8408035294942656
-0.1558587909325997 0.8618479449507387
-0.1524808869217586 0.8828404644338960
-0.1487614168079028 0.9037751641410647
-0.1446988777982139 0.9246461970349685
-0.1402917870661993 0.9454472015430072
-0.1355385777894743 0.9661718794848315
-0.1304376521563592 0.9868137261053766
-0.1249828943979679 1.0073824294016050
-0.1191765580418099 1.0278546641504096
-0.1130169271517911 1.0482234204162055
-0.1065022815287338 1.0684814232033179
-0.0996307729259759 1.0886215162508092
-0.0924007499169784 1.1086357048611114
-0.0848104530019026 1.1285160991304609
-0.0768581643877897 1.1482544827867190
-0.0685408662497584 1.1678454391569587
-0.0598580958797999 1.1872771791336078
-0.0508082085818634 1.2065407376382744
-0.0413896662506180 1.2256267588769349
-0.0316007626762267 1.2445260652260082
-0.0214403404215750 1.2632282638473477
-0.0109071132856329 1.2817231320303727
0.0000000000000000 1.3000000000000000
0.0065441773958558 1.3105704027813511
0.0132162669105814 1.3210605359671554
0.0200163968283488 1.3314681346357783
0.0269446683296033 1.3417908731750682
0.0340012052393320 1.3520264538431051
0.0411860138930481 1.3621724062074592
0.0484991234510596 1.3722262851711252
0.0559405192255353 1.3821855864795074
0.0635105845220873 1.3920483302929751
0.0712088109552550 1.4018113684424364
0.0790350792456382 1.4114720817240224
0.0869892148386555 1.4210277911916636
0.0950710669955588 1.4304758545742627
0.1032803123611931 1.4398134413339380
0.1116166448519155 1.4490377609734905
0.1200796902648453 1.4581459646683579
0.1286737366912685 1.4671400093734432
0.1373937445344830 1.4760119842015674
0.1462391639988822 1.4847589451302880
0.1552093592046098 1.4933778991828907
0.1643037170844498 1.5018659017911032
0.1735213912235144 1.5102198240429350
0.1828615470168207 1.5184365958884047
0.1923232546835318 1.5265131011867028
0.2019062743655800 1.5344467878332004
0.2116088109343036 1.5422338562266281
0.2214296930209268 1.5498711499424524
0.2313676398731475 1.5573554797470217
0.2414214070059681 1.5646837000735877
0.2515894528000726 1.5718525138837429
0.2618702478438562 1.5788587004386135
0.2722621619146360 1.5856989868887166
0.2828149101139872 1.5924018218867260
0.2934765741925087 1.5989300230667000
0.3042451411884877 1.6052803616801212
0.3151184289750636 1.6114496767443968
0.3260942580381269 1.6174349058164711
0.3371701265929434 1.6232329163738274
0.3483435101010659 1.6288407324441701
0.3596117510585897 1.6342554204150103
0.3709729373804379 1.6394743964524515
0.3824234405882698 1.6444943806961087
0.3939602926391608 1.6493126369174741
0.4055803955532214 1.6539265025988215
0.4172806557804668 1.6583334144765512
0.4290576964588715 1.6625308273157342
0.4409081373457194 1.6665163340241546
0.4528284906610576 1.6702875924047280
0.4648204122752332 1.6738436697173393
0.4768751566645012 1.6771805855932957
0.4889889593297610 1.6802963292153207
0.5011579500932343 1.6831890333359564
0.5133782524004632 1.6858569629725130
0.5256457957549691 1.6882984823910304
0.5379565048449614 1.6905121266316475
0.5503062342412168 1.6924965567669000
0.5626911504351985 1.6942505327925741
0.5751066695527561 1.6957728553839297
0.5875485017493029 1.6970626129683932
0.6000123146512243 1.6981190366426870
0.6124937750817556 1.6989414538925271
0.6249884789563215 1.6995293311744995
0.6374920261701697 1.6998822816187239
0.6500000000000000 1.7000000000000000
0.6625059730011103 1.6998819862000096
0.6750074886065263 1.6995278738886886
0.6875000888643547 1.6989377769500864
0.6999793278396832 1.6981120226310045
0.7124407570918531 1.6970511094327125
0.7248799952608597 1.6957556907375118
0.7372926738337295 1.6942266178217272
0.7496744756616038 1.6924649036478564
0.7620207410974560 1.6904717594218843
0.7743276357785330 1.6882484201704605
0.7865909972198708 1.6857963414264622
0.7988067457965262 1.6831171231226283
0.8109708005723486 1.6802125293322434
0.8230793042002877 1.6770844255026789
0.8351284052532864 1.6737348250443286
0.8471143630690698 1.6701658651602424
0.8590279569206361 1.6663816753083817
0.8708712948008900 1.6623830306443553
0.8826409165885132 1.6581723850930866
0.8943334844260530 1.6537522730643426
0.9059456593892677 1.6491253674674107
0.9174744108903752 1.6442943477401748
0.9289167045838174 1.6392620057956510
0.9402696430701279 1.6340311991523450
0.9515295916631725 1.6286053155373695
0.9626947606582972 1.6229869833443093
0.9737625741642424 1.6171792450647067
0.9847305946634959 1.6111851774929570
0.9955963903085626 1.6050079869413114
1.0063578634641932 1.5986507946654452
1.0170129078434129 1.5921168163899372
1.0275595688241425 1.5854092993392316
1.0379446815032102 1.5785661021621444
1.0482191042766301 1.5715578106703144
1.0583812384470070 1.5643876929152692
1.0684296016312121 1.5570589851958779
1.0783626981282870 1.5495750000124375
1.0881793315359620 1.5419388917899542
1.0978782789940018 1.5341538728348998
1.1074584276113736 1.5262231191258605
1.1169180111352442 1.5181504318166250
1.1262568331300873 1.5099383428871009
1.1354740141926020 1.5015899746054220
1.1445687701135487 1.4931084007865999
1.1535402967274573 1.4844967456785615
1.1623880228727155 1.4757579451005421
1.1711113527147488 1.4668949821376525
1.1797097668164634 1.4579107809516874
1.1881782353808754 1.4488131384719089
1.1965209839728019 1.4396000714229717
1.2047376573467658 1.4302744045686562
1.2128279727502444 1.4208389088061473
1.2207916245047778 1.4112963895989488
1.2286284748963029 1.4016494627293136
1.2363383649605967 1.3919007824326812
1.2439211838369526 1.3820529384951572
1.2513764022428311 1.3721090049984319
1.2587043602861795 1.3620709212280318
1.2659050421909110 1.3519411605923415
1.2729784704210124 1.3417221350270974
1.2799246136563646 1.3314162577694673
1.2867435506235571 1.3210257760418079
1.2934353335172669 1.3105529605552941
1.3000000000000000 1.3000000000000000
1.3109504546995264 1.2817396123209278
1.3215265147132693 1.2632598620276446
1.3317290718588283 1.2445713765803993
1.3415592612897533 1.2256843695021875
1.3510181063249076 1.2066092304379770
1.3601071809579623 1.1873551554918053
1.3688279288398437 1.1679315327191990
1.3771819120110083 1.1483473674214961
1.3851694953643029 1.1286144602293112
1.3927935949493397 1.1087382880727149
1.4000558657066676 1.0887271203587092
1.4069580155522319 1.0685889045156863
1.4135016481199672 1.0483316943877894
1.4196885729585630 1.0279627069218190
1.4255204806033482 1.0074892805030588
1.4309990592207621 0.9869184877999444
1.4361219796084625 0.9662737410627544
1.4408953344271799 0.9455453796968370
1.4453207030354019 0.9247399729666002
1.4493996426135852 0.9038638840501688
1.4531336307073855 0.8829235413037220
1.4565241700913071 0.8619248541040568
1.4595726774248604 0.8408738104752009
1.4622805234548955 0.8197762417834216
1.4646488951409332 0.7986390360056180
1.4666791994684055 0.7774666833523515
1.4683726358285160 0.7562647407943360
1.4697303467662803 0.7350386550518208
1.4707534051128395 0.7137939055234286
1.4714428323467707 0.6925357136672595
1.4717995804871949 0.6712693455422422
1.4718245338266623 0.6500000000000000
1.4715191959027392 0.6287648845173771
1.4708845783073283 0.6075370579372556
1.4699213665352990 0.5863216052859644
1.4686301858998554 0.5651235850792656
1.4670115999551371 0.5439480604727354
1.4650661074025386 0.5228000647863827
1.4627941479466324 0.5016846463873873
1.4601961001191822 0.4806068656356052
1.4572722479611400 0.4595715874733558
1.4540228712953067 0.4385841295498999
1.4504481682171842 0.4176496232402368
1.4465482815652006 0.3967732504559684
1.4423232838449116 0.3759601709382397
1.4377732191313882 0.3552157308192465
1.4328980655960437 0.3345452645566412
1.4276977554344692 0.3139541967909786
1.4221701896116160 0.2934409021034167
1.4163169561957901 0.2730181476015236
1.4101378457327945 0.2526916018529468
1.4036326182269199 0.2324670651887930
1.3968009422091638 0.2123502875510820
1.3896425527845655 0.1923474377395552
1.3821571033058433 0.1724646449847513
1.3743442377752553 0.1527082147953185
1.3662029015091825 0.1330829972938066
1.3577333194510517 0.1135971896908482
1.3489350803028141 0.0942575247824340
1.3398077942958875 0.0750709591432402
1.3303509437430544 0.0560443671017860
1.3205642649000110 0.0371853070956861
1.3104473860446709 0.0185012647988505
1.3000000000000000 0.0000000000000000
1.2974818235208466 -0.0043460373112536
1.2949449422243337 -0.0086811827965139
1.2923893310451174 -0.0130053135082638
1.2898149658989989 -0.0173183053939603
1.2872218211274928 -0.0216200343763707
1.2846098712078901 -0.0259103711535463
1.2819790902072013 -0.0301891870360406
1.2793294518839191 -0.0344563512918039
1.2766609211123455 -0.0387117444246686
1.2739734778040247 -0.0429552189042229
1.2712670929348047 -0.0471866383284319
1.2685417372534270 -0.0514058640647369
1.2657973804193573 -0.0556127578929748
1.2630339938084450 -0.0598071761545937
1.2602515471823846 -0.0639889752032435
1.2574500109023057 -0.0681580095016831
1.2546292807409141 -0.0723142574967349
1.2517894139414134 -0.0764574534371715
1.2489303771193584 -0.0805874446211645
1.2460521357480205 -0.0847040749589584
1.2431546541543655 -0.0888071889480260
1.2402378996712865 -0.0928966250067377
1.2373018371087261 -0.0969722211040283
1.2343464323226510 -0.1010338130911638
1.2313716445728199 -0.1050812567228315
1.2283774581719666 -0.1091143708924301
1.2253638393133104 -0.1131329859027672
1.2223307556144602 -0.1171369300210491
1.2192781774426487 -0.1211260351258752
1.2162060794117181 -0.1251001270624970
1.2131144357239890 -0.1290590328957782
1.2100032267922164 -0.1330025814337730
1.2068715365589921 -0.1369318000509152
1.2037203093805177 -0.1408453674679675
1.2005495254061588 -0.1447431071878350
1.1973591605379852 -0.1486248359191876
1.1941491885543609 -0.1524903704793069
1.1909195876571978 -0.1563395204654951
1.1876703303751430 -0.1601720925064176
1.1844013901728507 -0.1639878901016372
1.1811127290017962 -0.1677867406692116
1.1778043462762635 -0.1715684283445965
1.1744762184771011 -0.1753327512942018
1.1711283233656517 -0.1790795045872833
1.1677606381435172 -0.1828084849887269
1.1643731462214778 -0.1865194817642376
1.1609658293710185 -0.1902122848507149
1.1575386725994599 -0.1938866826541761
1.1540915036409153 -0.1975426457346732
1.1506244841579029 -0.2011797896387721
1.1471376047766743 -0.2047978991384218
1.1436308578204683 -0.2083967558952032
1.1401042345715951 -0.2119761430197023
1.1365577339139782 -0.2155358363789743
1.1329913531405583 -0.2190756126995893
1.1294050924039988 -0.2225952465087258
1.1257989323238612 -0.2260945362886191
1.1221729025720144 -0.2295732325567581
1.1185270089168100 -0.2330311052564429
1.1148612603518871 -0.2364679223320304
1.1111756665673436 -0.2398834551822986
1.1074702458563615 -0.2432774680801161
1.1037450159254622 -0.2466497273864384
1.1000000000000001 -0.2500000000000000
1.0883238501221077 -0.2601938085610494
1.0764612548674276 -0.2701700324345383
1.0644133413280381 -0.2799217162038441
1.0521815298815162 -0.2894417133533123
1.0397671164149114 -0.2987230234212556
1.0271723134375254 -0.3077580284715006
1.0143992441097209 -0.3165392910889004
1.0014504019128634 -0.3250592299953434
0.9883254507430912 -0.3333121246586113
0.9750304958133755 -0.3412882632575030
0.9615689186607525 -0.3489799568630195
0.9479445427538620 -0.3563794562450662
0.9341610950977191 -0.3634792665707249
0.9202235091259842 -0.3702714998728474
0.9061366495896825 -0.3767485930528263
0.8919058712687718 -0.3829030464029397
0.8775108025008058 -0.3887377456725078
0.8629831735830793 -0.3942340824916635
0.8483294944127428 -0.3993850942629011
0.8335567711804117 -0.4041840403759062
0.8186719735608781 -0.4086246037715686
0.8036832318618940 -0.4127005608035434
0.7885986275750084 -0.4164062003559993
0.7734266754963099 -0.4197362035251163
0.7581738058360140 -0.4226861411448744
0.7428514952251365 -0.4252510899510362
0.7274691173029579 -0.4274271957710897
0.7120363432132118 -0.4292111439137390
0.6965628659403449 -0.4306002102883136
0.6810588698573173 -0.4315922333547637
0.6655344988273925 -0.4321856853793464
0.6500000000000000 -0.4323796631151543
0.6344674493706220 -0.4321739428938975
0.6189453227461064 -0.4315689346988044
0.6034438540682085 -0.4305656364569774
0.5879731647406939 -0.4291656685054061
0.5725434203206605 -0.4273712831072115
0.5571642701254306 -0.4251852888031555
0.5418453460412654 -0.4226110810699935
0.5265959754105921 -0.4196525889002812
0.5114276407397150 -0.4163148181208442
0.4963466622827435 -0.4126022476845888
0.4813614986282164 -0.4085202514525871
0.4664801714754788 -0.4040745878166123
0.4517107545141480 -0.3992715217615171
0.4370601516757990 -0.3941174013341098
0.4225353076742131 -0.3886189922363376
0.4081426708566804 -0.3827832745156562
0.3939140285969498 -0.3766289184424326
0.3798288338023026 -0.3701529901824640
0.3658923849957655 -0.3633629871699276
0.3521094929303923 -0.3562664646016724
0.3384850395021910 -0.3488712967611805
0.3250227040730068 -0.3411849606119866
0.3117262650841670 -0.3332151828678911
0.2985990627512594 -0.3249696261259166
0.2856471535226601 -0.3164579607127014
0.2728701799664925 -0.3076858829931760
0.2602706043238723 -0.2986609393412835
0.2478505224113043 -0.2893905305272644
0.2356121219677269 -0.2798822322918530
0.2235566807158631 -0.2701430066052933
0.2116856020329716 -0.2601799581700860
0.2000000000000000 -0.2500000000000000
0.1962510884707278 -0.2466536275722317
0.1925220451926077 -0.2432851290477337
0.1888129019652331 -0.2398947311192898
0.1851236809405935 -0.2364826657878910
0.1814544042657904 -0.2330491677516461
0.1778050859972926 -0.2295944642540416
0.1741757362518619 -0.2261187893875353
0.1705663614004080 -0.2226223757200734
0.1669769948630970 -0.2191054719878911
0.1634076216282407 -0.2155682783671097
0.1598582430826599 -0.2120110222062784
0.1563288573851701 -0.2084339289656770
0.1528194644358897 -0.2048372248485027
0.1493300562727586 -0.2012211288804687
0.1458606256884827 -0.1975858618419318
0.1424111640417954 -0.1939316410811382
0.1389818374650526 -0.1902588515899622
0.1355724764036246 -0.1865675211293740
0.1321830672840433 -0.1828578627842587
0.1288135930355630 -0.1791300883133158
0.1254640381655393 -0.1753844102234914
0.1221343808923057 -0.1716210334654865
0.1188245998021724 -0.1678401648768317
0.1155346721148877 -0.1640420082237014
0.1122645983019745 -0.1602267814189892
0.1090143409257967 -0.1563946585997285
0.1057838740740130 -0.1525458382061190
0.1025731708242275 -0.1486805155618168
0.0993822098902747 -0.1447988830755463
0.0962109654947228 -0.1409011258455274
0.0930594139589267 -0.1369874291233539
0.0899275357822829 -0.1330579713741737
0.0868162847694468 -0.1291140890233212
0.0837247346233578 -0.1251547445628762
0.0806528664661367 -0.1211801107681158
0.0776006553840086 -0.1171903619930755
0.0745680769005698 -0.1131856738023274
0.0715551023006428 -0.1091662156518390
0.0685617002653716 -0.1051321605107327
0.0655878380410157 -0.1010836793020815
0.0626335007012113 -0.0970209547627785
0.0596986480610347 -0.0929441324978194
0.0567832469728423 -0.0888533778791680
0.0538872632215774 -0.0847488541592388
0.0510106649466514 -0.0806307242729790
0.0481534172199916 -0.0764991450562739
0.0453154862388264 -0.0723542739574237
0.0424968391206371 -0.0681962651667809
0.0396975331643434 -0.0640253885923740
0.0369174620751043 -0.0598416665683081
0.0341565965655554 -0.0556452461351293
0.0314149068453943 -0.0514362723537687
0.0286923646064285 -0.0472148903993581
0.0259889396963407 -0.0429812400118680
0.0233046031092004 -0.0387354613206026
0.0206393259009385 -0.0344776923025154
0.0179930871135931 -0.0302080830011125
0.0153658504950400 -0.0259267548127566
0.0127575897720341 -0.0216338400351196
0.0101682787947113 -0.0173294690067409
0.0075978908659610 -0.0130137732867107
0.0050463991110985 -0.0086868790798895
0.0025137780510740 -0.0043489126991049
0.0000000000000000 0.0000000000000000
