-1.0242000000000000 4.8888999999999996
-1.0348705299690582 4.9055038564243258
-1.0455394295179340 4.9221087605311313
-1.0562066539444613 4.9387147408134568
-1.0668721444892259 4.9553218347658140
-1.0775358386605264 4.9719300823035038
-1.0881976688299289 4.9885395265172944
-1.0988575511229921 5.0051502209455477
-1.1095153958936477 5.0217622227736050
-1.1201711292891492 5.0383755796733138
-1.1308246654520119 5.0549903456632303
-1.1414758855226746 5.0716065965365448
-1.1521246603312865 5.0882244145989165
-1.1627708608739340 5.1048438821181207
-1.1734143437466122 5.1214650902256909
-1.1840549537287518 5.1380881376732286
-1.1946925395744219 5.1547131205186663
-1.2053270770511904 5.1713400723940609
-1.2159584861269847 5.1879690247685974
-1.2265865378404799 5.2046001231675978
-1.2372109678482238 5.2212335354510866
-1.2478314923132794 5.2378694421655653
-1.2584478066275098 5.2545080359314803
-1.2690595657397608 5.2711495353524025
-1.2796663953179518 5.2877941771548628
-1.2902679436874551 5.3044421906101386
-1.3008637937693384 5.3210938313965660
-1.3114534275598050 5.3377494262739585
-1.3220362873334951 5.3544093261399970
-1.3326118212955753 5.3710738789479636
-1.3431794155181929 5.3877434677616902
-1.3537384294649957 5.4044184931170650
-1.3642882862773986 5.4210993134616693
-1.3748319839430003 5.4377906577830443
-1.3853664582493298 5.4544878248124417
-1.3958910295783686 5.4711912359686115
-1.4064049052418694 5.4879013815228707
-1.4169072215223613 5.5046187985578354
-1.4273970492169252 5.5213440547446557
-1.4378733195558081 5.5380778068827978
-1.4483348452685356 5.5548207809494346
-1.4587803651334354 5.5715738217366193
-1.4692083971236106 5.5883377535450280
-1.4796172909552850 5.6051135765204555
-1.4900051867874731 5.6219024099367939
-1.5003700062947648 5.6387055193063328
-1.5107093576186301 5.6555243118344872
-1.5210205309540308 5.6723603976048121
-1.5313004529721451 5.6892155832436563
-1.5415493116551897 5.7060973441337961
-1.5517598843593631 5.7230022889757546
-1.5619273932236854 5.7399331785404248
-1.5720462515844699 5.7568931892547939
-1.5821100076099571 5.7738861012837339
-1.5921109347138160 5.7909160660995261
-1.6020399845083385 5.8079880654625160
-1.6118864099591784 5.8251078521993035
-1.6216402117845419 5.8422855853997009
-1.6312842560132779 5.8595251787495071
-1.6407997328150166 5.8768361667976980
-1.6501640146194040 5.8942294077911716
-1.6593512784924190 5.9117185624193088
-1.6683287761754919 5.9293163146175221
-1.6770589538409561 5.9470383958189365
-1.6855000000000000 5.9649000000000001
-1.7042426774759645 6.0084079444012854
-1.7206634678263796 6.0528442677107253
-1.7346728966045331 6.0980993027356029
-1.7462340173894756 6.1440408174688921
-1.7553611432200431 6.1905112148806357
-1.7621257119956260 6.2373838387757497
-1.7666379013479453 6.2845232826752072
-1.7690385464793380 6.3318172984367641
-1.7694839021801714 6.3789661498157637
-1.7681472991028043 6.4260981561413257
-1.7651906183929111 6.4731536139185170
-1.7607694903786355 6.5200941262135769
-1.7550313064691899 6.5668742583358278
-1.7481082620450408 6.6134937711159410
-1.7401220129835407 6.6599416503183924
-1.7311808483797263 6.7062151981832939
-1.7215113415663745 6.7516754853885755
-1.7110659263255129 6.7969637882409250
-1.6999171140140034 6.8420835348743646
-1.6881302366816922 6.8870408154302001
-1.6757644929575099 6.9318389250272887
-1.6628706315965875 6.9764878956820555
-1.6494952353483732 7.0209947340931290
-1.6356798118296173 7.0653669547175642
-1.6214631067090066 7.1095983319289483
-1.6068729717886765 7.1537079385641102
-1.5919412784782816 7.1977029689699971
-1.5766970392704738 7.2415906817892560
-1.5611621053467776 7.2853755709017701
-1.5453589326755041 7.3290643614564498
-1.5293095126397554 7.3726632356158560
-1.5130280013236576 7.4161759705415695
-1.4967303410847301 7.4589133580981615
-1.4801122407733257 7.5015271676728284
-1.4631722874728150 7.5440140510129972
-1.4459178674495489 7.5863742004868283
-1.4283570164065503 7.6286079738038216
-1.4104960731057807 7.6707157142128278
-1.3923471677202560 7.7127000983348736
-1.3739222840534167 7.7545641036217982
-1.3552276688186228 7.7963063963016740
-1.3362658914394710 7.8379280089034568
-1.3170452431078782 7.8794306828177808
-1.2975740530607424 7.9208164052649459
-1.2778598510143993 7.9620867017845700
-1.2579096501801392 8.0032434342084934
-1.2377306281154027 8.0442884398754869
-1.2173289373767792 8.0852232225999404
-1.1967095429998809 8.1260403271789832
-1.1758696172042383 8.1667452770440633
-1.1548131001383431 8.2073385967305253
-1.1335440765111736 8.2478209774418984
-1.1120664036300151 8.2881929547688100
-1.0903835068308289 8.3284550830293795
-1.0684989391025064 8.3686079400872744
-1.0464159996326369 8.4086520410128459
-1.0241374601152944 8.4485871229816553
-1.0016654144359173 8.4884136374897730
-0.9790025086218649 8.5281318484389035
-0.9561512088275947 8.5677419693507188
-0.9331135589767459 8.6072439558379330
-0.9098914093320819 8.6466377626223401
-0.8864864749465538 8.6859232440664177
-0.8629000000000000 8.7250999999999994
-0.8265661263360019 8.7846502285322070
-0.7898061780342039 8.8439383917228360
-0.7526247360427655 8.9029631233781405
-0.7150261533140290 8.9617230174584890
-0.6770143947877891 9.0202163935154028
-0.6385928841615280 9.0784414426780167
-0.5997648651103353 9.1363961930510887
-0.5605331797956344 9.1940784522094570
-0.5209001326624137 9.2514855908994829
-0.4808675154769515 9.3086148089837714
-0.4404369549966157 9.3654630990390134
-0.3996097270322910 9.4220271844617275
-0.3583867058057724 9.4783035376640710
-0.3167684557813256 9.5342882380178244
-0.2747551588991002 9.5899771021176652
-0.2323466381761128 9.6453655853044476
-0.1895369358063321 9.7004557387294774
-0.1463304336199458 9.7552352402806994
-0.1027257287087580 9.8096983274629551
-0.0587210445774876 9.8638387553364109
-0.0143140939704400 9.9176500012066271
0.0304975426933568 9.9711247117138705
0.0757168544279455 10.0242551676539463
0.1213471924505800 10.0770330394762391
0.1673939233066777 10.1294516100161015
0.2138594044327606 10.1814993479467558
0.2607485116990734 10.2331658349214580
0.3080665401283146 10.2844397897339004
0.3558194165413042 10.3353096826187370
0.4040130044321362 10.3857622474102088
0.4526540990129584 10.4357836067449204
0.5017496645452330 10.4853589828582586
0.5525652976018729 10.5357122260965973
0.6038709119061667 10.5855661287364651
0.6556771512694977 10.6348997725931143
0.7079957720333566 10.6836896975214534
0.7608405957319956 10.7319112987275082
0.8142243205957140 10.7795356216548825
0.8681622917189638 10.8265316100344659
0.9226707588373609 10.8728646939494084
0.9777839142902825 10.9185108339670712
1.0335041480710715 10.9634139023466842
1.0898524264870583 11.0075268801043718
1.1468508373041358 11.0507965513698606
1.2045273812160406 11.0931661958901451
1.2629044013768696 11.1345653989203887
1.3220107468271184 11.1749178243576772
1.3818760400350089 11.2141354859438731
1.4440832102719319 11.2530684327664759
1.5071570840854436 11.2905810015845981
1.5711394885143762 11.3265261091500733
1.6360704381705851 11.3607280186164167
1.7020208043629770 11.3929927408561303
1.7690032068430968 11.4230563544131812
1.8370587866229089 11.4506204305431166
1.9062067579882776 11.4753165494308570
1.9776577620310923 11.4970304037526067
2.0502064962752925 11.5147340363684545
2.1237729063266804 11.5277118918944082
2.1981113327633385 11.5350766577985659
2.2732760209291818 11.5357589371448243
2.3480910834093210 11.5284855419082327
2.4215156066745111 11.5120163730670309
2.4918999999999998 11.4854000000000003
2.5093598002407533 11.4768396431197227
2.5264807360354289 11.4676202129920343
2.5432385325090164 11.4577562162620070
2.5596114580942600 11.4472657690875415
2.5755792896584981 11.4361711354358295
2.5911275556040683 11.4244957781901003
2.6062434686705665 11.4122662487974203
2.6209179019705527 11.3995103394090384
2.6351290690934170 11.3862717410557017
2.6488900942394409 11.3725658319546809
2.6622003450123152 11.3584222180364921
2.6750621780515945 11.3438696292230443
2.6874779789359132 11.3289385348390171
2.6994558733804737 11.3136539106768487
2.7110034121752586 11.2980419871383276
2.7221297167712436 11.2821271150110672
2.7327643740333769 11.2660560369367748
2.7430032045958825 11.2497299279617205
2.7528568835186296 11.2331687760403705
2.7623367351389562 11.2163908395006401
2.7714533595129694 11.1994147765755253
2.7802191008961576 11.1822549009810645
2.7886453661140154 11.1649259845626125
2.7967435905824099 11.1474413613119139
2.8045208705190671 11.1298226458188257
2.8119923589515929 11.1120720942938124
2.8191686751284994 11.0942002903236118
2.8260602206441512 11.0762167564265741
2.8326766674838612 11.0581310927923428
2.8390279412809356 11.0399506109772790
2.8451232993919826 11.0216828179517812
2.8509716105693460 11.0033344417594022
2.8564619046679943 10.9853109911351375
2.8617303013869087 10.9672214334371978
2.8667838851432256 10.9490707418737531
2.8716295077168003 10.9308634286483518
2.8762736341924123 10.9126040530040773
2.8807226116200308 10.8942961500796912
2.8849824436628922 10.8759433500023725
2.8890588970208111 10.8575489495573423
2.8929570923848545 10.8391181257638577
2.8966827838407974 10.8206516584249797
2.9002409652893089 10.8021522088761054
2.9036364247508616 10.7836222022955121
2.9068737987036503 10.7650641137348431
2.9099575572934504 10.7464798818675944
2.9128919386617213 10.7278714974024554
2.9156811160177723 10.7092407954271306
2.9183287465645213 10.6905994388570779
2.9208410646370358 10.6719393643613412
2.9232214681814603 10.6532620157400084
2.9254730081906127 10.6345686950038658
2.9275986713836595 10.6158607351596738
2.9296013438730846 10.5971392098894861
2.9314836440912953 10.5784052081283630
2.9332482085323943 10.5596597503203913
2.9348981760022818 10.5409045401670887
2.9364369881742732 10.5221398830253885
2.9378675833563613 10.5033666740918143
2.9391928798939585 10.4845857378711123
2.9404156114336605 10.4657979198319736
2.9415389577583364 10.4470038975875257
2.9425661451305338 10.4282043824375087
2.9434999999999998 10.4093999999999998
2.9445585425744465 10.3852916408926149
2.9454635487874098 10.3611770300728849
2.9462259876219461 10.3370575259362098
2.9468587938451389 10.3129342726510621
2.9473750688764362 10.2888085171337393
2.9477872146498933 10.2646807581194631
2.9481072769697022 10.2405516240438763
2.9483462604346241 10.2164215507321415
2.9485131162673658 10.1922919504108406
2.9486153973999507 10.1681619899652749
2.9486604235109505 10.1440318629900064
2.9486546494811310 10.1199016946968960
2.9486037021203297 10.0957716260433231
2.9485125264600928 10.0716416758598128
2.9483854771890194 10.0475118909410292
2.9482263369346661 10.0233822963293602
2.9480376936149497 9.9992549866988505
2.9478215866730211 9.9751279074289055
2.9475804774972517 9.9510010662849976
2.9473166112413118 9.9268744632954140
2.9470319886691329 9.9027481037578362
2.9467283624172821 9.8786219758952005
2.9464073319987915 9.8544960738917277
2.9460703325813270 9.8303703896650907
2.9457186429106117 9.8062449454384088
2.9453533971872457 9.7821197026350547
2.9449756185330258 9.7579946530848533
2.9445862303491278 9.7338697881245370
2.9441860848039490 9.7097451008514977
2.9437759538319829 9.6856205812694396
2.9433565352608203 9.6614962215010471
2.9429284860754016 9.6373720133261134
2.9424924527011660 9.6132500607995527
2.9420490921794153 9.5891282418332133
2.9415991882332697 9.5650065441278984
2.9411434968747888 9.5408849550605679
2.9406827014068179 9.5167634635874730
2.9402174025913264 9.4926420585628441
2.9397481426723497 9.4685207303148992
2.9392753970593837 9.4443994701301144
2.9387995472486984 9.4202782731051942
2.9383209131796040 9.3961571311673577
2.9378398001064390 9.3720360385624937
2.9373564756605732 9.3479149901665050
2.9368711621848037 9.3237939817912848
2.9363840649810690 9.2996730093705609
2.9358953676924669 9.2755520693205385
2.9354052212964723 9.2514311586734018
2.9349135347414610 9.2273102831085359
2.9344201764569166 9.2031894416786191
2.9339252631048120 9.1790686321098822
2.9334289469115679 9.1549478513656010
2.9329313710071693 9.1308270966061414
2.9324326566520337 9.1067063653581338
2.9319329317764306 9.0825856550271236
2.9314323097191145 9.0584649633003194
2.9309308425852323 9.0343442892318370
2.9304285524427990 9.0102236322876919
2.9299254910092406 8.9861029914180855
2.9294217043431493 8.9619823656848768
2.9289172319768176 8.9378617542877949
2.9284121053750710 8.9137411565826458
2.9279063532004271 8.8896205719865260
2.9274000000000000 8.8655000000000008
2.9249481059064883 8.7490279440590953
2.9224850358715691 8.6325561239232775
2.9200102969186890 8.5160845511134344
2.9175233663738828 8.3996132379837680
2.9150236898548821 8.2831421974237264
2.9125106788094310 8.1666714438101091
2.9099837076000555 8.0502009922038100
2.9074421107344776 7.9337308588380360
2.9048851804234476 7.8172610574137862
2.9023121619558017 7.7007916102940167
2.8997222489173694 7.5843225375708601
2.8971145799473805 7.4678538610390065
2.8944882353031404 7.3513856034475696
2.8918422292908251 7.2349177908779226
2.8891755054271043 7.1184504507385783
2.8864869318780080 7.0019836129366952
2.8837753116177885 6.8855172162925531
2.8810393536981186 6.7690513888324432
2.8782776379862684 6.6525861691477327
2.8754886290276237 6.5361215998620072
2.8726706702567882 6.4196577254850661
2.8698219686690002 6.3031945990209969
2.8669405785631710 6.1867322764265860
2.8640243897769436 6.0702708199871714
2.8610711584864748 5.9538102669110840
2.8580784099974058 5.8373507226292848
2.8550433741399408 5.7208922721925338
2.8519630284613477 5.6044350114000625
2.8488341318441343 5.4879790383759305
2.8456530942892225 5.3715244779366209
2.8424159830871257 5.2550714617146362
2.8391185876576988 5.1386201368638017
2.8357515990517172 5.0219788016416652
2.8323160589014310 4.9053394654014782
2.8288061220324607 4.7887023422215571
2.8252151877714833 4.6720676846293749
2.8215358663343124 4.5554357541428909
2.8177598956658649 4.4388069126809562
2.8138778707418284 4.3221815485020519
2.8098791256957852 4.2055601279763627
2.8057515282100444 4.0889425566135978
2.8014812402552003 3.9723301230898240
2.7970522771116790 3.8557235964341835
2.7924461515640455 3.7391239335673523
2.7876413706273948 3.6225320975642018
2.7826127639774802 3.5059497007043192
2.7773306542600741 3.3893784787215695
2.7717598454765766 3.2728206966256668
2.7658373224913254 3.1558691607874361
2.7595311746512062 3.0389376829345913
2.7527785350583463 2.9220310025931621
2.7455017514483246 2.8051557765175857
2.7376034298945265 2.6883178587484158
2.7289603769064707 2.5715326707019509
2.7194132675579988 2.4548171696873423
2.7087526262925962 2.3381981052003848
2.6966279522542548 2.2210922295672926
2.6826974087652901 2.1041874230517718
2.6663947323081874 1.9875819909816694
2.6468829193534669 1.8714704359876024
2.6227226842732943 1.7556106746891014
2.5918456207697612 1.6413574112929356
2.5503905011275827 1.5301591254688847
2.4918999999999998 1.4269000000000001
2.4864951073014888 1.4196022088003760
2.4809624280427234 1.4124008143732283
2.4752990153124708 1.4053017025769743
2.4695019894186181 1.3983112717723027
2.4635681771991635 1.3914358065554651
2.4574953361723848 1.3846828256383320
2.4512809344586417 1.3780597832209304
2.4449228220177314 1.3715745780806733
2.4384151805929584 1.3652313072663738
2.4317606093009545 1.3590423523904191
2.4249580255010959 1.3530163354930940
2.4180069825511322 1.3471621892779141
2.4109069625037631 1.3414884159210819
2.4036592911984431 1.3360045076953925
2.3962653320788816 1.3307193538090129
2.3887273308346310 1.3256417539521776
2.3810206299262661 1.3207633441236477
2.3731755824791957 1.3161106726438093
2.3651968328602675 1.3116910985009952
2.3570898886062162 1.3075113214797796
2.3488606505441778 1.3035771557562486
2.3405161441016427 1.2998937834899146
2.3320637225178151 1.2964652730803626
2.3235111947883531 1.2932947236491215
2.3148677738616841 1.2903849252226028
2.3061406499051389 1.2877367259012442
2.2973384728237009 1.2853499890372470
2.2884698177215954 1.2832235387296089
2.2795436638939537 1.2813556680322195
2.2705678027782474 1.2797435016858270
2.2615503624628922 1.2783834794493913
2.2524989659807716 1.2772716736893562
2.2436031109217823 1.2764217204893292
2.2346879030105070 1.2758071266628741
2.2257599132157153 1.2754222210052083
2.2168250978655258 1.2752602679279738
2.2078897749648919 1.2753140371115130
2.1989581312967382 1.2755760062868356
2.1900346951302011 1.2760381689984058
2.1811232835539305 1.2766924251474325
2.1722328827963812 1.2775306610507046
2.1633609490742520 1.2785458738803690
2.1545100891566967 1.2797303124202248
2.1456823676077656 1.2810763986691044
2.1368801111350670 1.2825768485352454
2.1281042688109093 1.2842247745995723
2.1193560738991791 1.2860134241070852
2.1106364513160566 1.2879365370216718
2.1019702558844043 1.2899837019881337
2.0933345697943059 1.2921559711732906
2.0847300362714466 1.2944484072439237
2.0761570775007890 1.2968562357678335
2.0676162610994223 1.2993748380795430
2.0591075908644511 1.3019999920252988
2.0506312189297274 1.3047275570415924
2.0421871735409187 1.3075536125197492
2.0337768177306654 1.3104740356045218
2.0253987497893335 1.3134858346382491
2.0170528703307077 1.3165856670080945
2.0087390051095121 1.3197703663255886
2.0004570831119672 1.3230368950530112
1.9922067696953399 1.3263824548608631
1.9839878311720997 1.3298043378159997
1.9758000000000000 1.3332999999999999
1.9089952869165572 1.3649785932664818
1.8442101978907000 1.4006057626939857
1.7812436160187227 1.4393211862052946
1.7198770539623090 1.4805257916721201
1.6599918670766165 1.5237297403683310
1.6013741443796146 1.5686383072247398
1.5438965570446734 1.6149920215538415
1.4874457512062138 1.6625908282420169
1.4320596040302301 1.7111549562203429
1.3775198922296896 1.7606677794281640
1.3237571302700771 1.8110218331031188
1.2707095595882293 1.8621287850742601
1.2183273319274043 1.9139101452157723
1.1665596248066921 1.9663058657688827
1.1153649905869764 2.0192611787210198
1.0647060959533557 2.0727292265369723
1.0147443821858621 2.1264579010689418
0.9652519590265537 2.1806191728354653
0.9162024045746506 2.2351816269292650
0.8675715974224961 2.2901176331947204
0.8193383958309127 2.3454016911989773
0.7714822269144702 2.4010124446719639
0.7239849586600435 2.4569299394407092
0.6768298590122548 2.5131362850793712
0.6300046805809328 2.5696114726185967
0.5834921518182438 2.6263444331513933
0.5372792305144292 2.6833216488483886
0.4913537750880365 2.7405308242304277
0.4457047492982976 2.7979603853228333
0.4003214798885388 2.8556001884149661
0.3551942297366017 2.9134406160015169
0.3103138715675427 2.9714728244748079
0.2658748186197509 3.0294229020573414
0.2216641230739476 3.0875473832857754
0.1776743989161939 3.1458392554985701
0.1338986760588599 3.2042920080930026
0.0903304831098493 3.2628994350678231
0.0469635562107985 3.3216559460668906
0.0037920650598761 3.3805561874012636
-0.0391895176454059 3.4395951544111169
-0.0819859483096181 3.4987674862334810
-0.1246026483023925 3.5580693935604680
-0.1670443094930604 3.6174966887565687
-0.2093153981554217 3.6770454341862309
-0.2514201157910410 3.7367118458389676
-0.2933625382176729 3.7964924541302441
-0.3351465056184761 3.8563839146139697
-0.3767756865660705 3.9163830668101256
-0.4182515382684696 3.9764839342175563
-0.4595794608572531 4.0366866198059957
-0.5007626394412712 4.0969884077180094
-0.5418041243833255 4.1573867217459667
-0.5827068115454907 4.2178790715576430
-0.6234735161922361 4.2784631453317728
-0.6641069126980966 4.3391367042009558
-0.7046095706111789 4.3998976156443379
-0.7449838333781447 4.4607436257249836
-0.7852322111455336 4.5216729792732003
-0.8253569659484192 4.5826838116365842
-0.8653602745064469 4.6437743421472604
-0.9052442354414357 4.7049428296718256
-0.9450108864669075 4.7661876471842074
-0.9846621764148567 4.8275072123607146
-1.0242000000000000 4.8888999999999996
