0.7500000000000000 0.3500000000000000
0.7500000000000000 0.7500000000000000
-0.7500000000000000 0.7500000000000000
-0.7500000000000000 -0.7500000000000000
0.7500000000000000 -0.7500000000000000
0.7500000000000000 0.0000000000000000
0.0000000000000000 0.0000000000000000
0.0000000000000000 -0.2000000000000000
0.2750000000000000 -0.2000000000000000
0.5500000000000000 -0.2000000000000000
0.5500000000000000 -0.5500000000000000
-0.5500000000000000 -0.5500000000000000
-0.5500000000000000 0.5500000000000000
0.5500000000000000 0.5500000000000000
0.5500000000000000 0.4500000000000000
0.5500000000000000 0.3500000000000000
0.7500000000000000 0.3500000000000000
