0.7500000000000000 0.3500000000000000
0.7530420414171318 0.3561035773592001
0.7560703562474607 0.3622139768430060
0.7590856497158576 0.3683308118944928
0.7620880099658570 0.3744540053976314
0.7650774149385703 0.3805835359259028
0.7680537644700347 0.3867194164702459
0.7710163095350438 0.3928619751257983
0.7739641888144626 0.3990115855080164
0.7768976761212285 0.4051681638487634
0.7798166585586866 0.4113316325291838
0.7827195850553169 0.4175026822774346
0.7856046696290538 0.4236820935958865
0.7884701428778212 0.4298706552488868
0.7913140825024456 0.4360691421355293
0.7941344357837468 0.4422784008350738
0.7969293692917713 0.4484991429865327
0.7997000292106462 0.4547331846790963
0.8024456915035027 0.4609782764145528
0.8051646136325124 0.4672350609556700
0.8078548034483431 0.4735042530162455
0.8105141792793963 0.4797866347902621
0.8131404719019892 0.4860829184263286
0.8157311622603256 0.4923939429256141
0.8182835221835412 0.4987205664789576
0.8207971813438898 0.5050635182012883
0.8232696166686876 0.5114226519859255
0.8256951826698789 0.5177998342075813
0.8280679617686115 0.5241968446705207
0.8303841634467814 0.5306147362512989
0.8326390423386631 0.5370544290808931
0.8348287040010682 0.5435165938278122
0.8369546475136217 0.5500000000000000
0.8394838610454173 0.5579012187096987
0.8419702624575909 0.5658160141085358
0.8444071855501806 0.5737462090058237
0.8467863298728135 0.5816939292802327
0.8490977039832314 0.5896621169489354
0.8513295585347245 0.5976529423295174
0.8534668592511941 0.6056696841762780
0.8554904705524960 0.6137158759147009
0.8573845048824866 0.6218333362950301
0.8591068556080129 0.6299889501313808
0.8606142511657106 0.6381877184446758
0.8618479571831185 0.6464321112473673
0.8627305705109123 0.6547444637199604
0.8631468570738279 0.6630931711296474
0.8629444401073635 0.6714565056090715
0.8619273243689157 0.6797602283776638
0.8597278218051295 0.6884841729224303
0.8562278567317762 0.6967724335622491
0.8513737354261094 0.7043538359111338
0.8453252749236955 0.7110213902436115
0.8384610981446192 0.7166839410398521
0.8309977405974632 0.7215295265047599
0.8231487616894419 0.7257014607313045
0.8150407455396370 0.7293444786016533
0.8071014221059969 0.7324840071494395
0.7990713312306327 0.7353835134211523
0.7909774731506338 0.7380979683470829
0.7828365910178336 0.7406679571143593
0.7746638293461462 0.7431272787735340
0.7664637867958490 0.7454940484156418
0.7582405462032151 0.7477786397142956
0.7500000000000000 0.7500000000000000
0.7268799827346587 0.7561263326408260
0.7037417548121088 0.7621835232916030
0.6805856485235489 0.7681720114155200
0.6574110748633700 0.7740886307311695
0.6342177601621559 0.7799313646164672
0.6110064623866182 0.7857022433761773
0.5877777170032583 0.7914024801349609
0.5645319126292521 0.7970327456878975
0.5412689401870135 0.8025931656962988
0.5179885545059174 0.8080802232007906
0.4946895320827768 0.8134876508604158
0.4713705333596853 0.8188082728466638
0.4480302323579712 0.8240352546061503
0.4246675542941953 0.8291612923404029
0.4012812696059590 0.8341786099448966
0.3778705520816956 0.8390806597674440
0.3544300300533883 0.8438682918144436
0.3309663116072320 0.8485409153020066
0.3074792269300315 0.8530946865693734
0.2839686088498644 0.8575253543382319
0.2604342222716244 0.8618285733211496
0.2368761202434247 0.8660000088124305
0.2132942440201902 0.8700349580905257
0.1896886110159343 0.8739285158919641
0.1660582384744375 0.8776766945969398
0.1424044697205577 0.8812742734761775
0.1187272945025401 0.8847145924016625
0.0950268389920312 0.8879906920961380
0.0713032769322682 0.8910966507985778
0.0475572140480492 0.8940256222500283
0.0237891533862811 0.8967705767766329
0.0000000000000000 0.8993262888376075
-0.0243730308757439 0.9017572083657709
-0.0487634707035351 0.9040067525038730
-0.0731710184080208 0.9060630136820673
-0.0975952018883845 0.9079112172144796
-0.1220359818183309 0.9095356200751967
-0.1464915537445906 0.9109196034557031
-0.1709605739453095 0.9120433665046869
-0.1954409119896110 0.9128852941798358
-0.2199417615620364 0.9134238271176264
-0.2444476245624947 0.9136343647590992
-0.2689541757015574 0.9134883928073912
-0.2934553473140614 0.9129545893259428
-0.3179465604906313 0.9120000071478914
-0.3424156082158415 0.9105870480486156
-0.3668511180813150 0.9086744964699526
-0.3912381956431369 0.9062204296574194
-0.4159739528920529 0.9031542785525999
-0.4406273984804962 0.8994845932946313
-0.4651726336849241 0.8951438782390312
-0.4895742516372730 0.8900574826840038
-0.5138024868074326 0.8841444433055013
-0.5377923744676712 0.8773285277982927
-0.5614830858113333 0.8695301049402403
-0.5848009573549995 0.8606789993756908
-0.6077560684907713 0.8506987108262924
-0.6301869071134000 0.8395901211106501
-0.6520083925678615 0.8273250832988273
-0.6731397497980483 0.8139059133701411
-0.6935227200255424 0.7993833639533111
-0.7131281296556019 0.7838270845106953
-0.7319447918290231 0.7673285386060156
-0.7500000000000000 0.7500000000000000
-0.7681198286705451 0.7313371906041636
-0.7857263602658402 0.7121893789595109
-0.8028376148447814 0.6925982078023121
-0.8194553689095157 0.6725867293356921
-0.8355789329489034 0.6521766803713154
-0.8512107851392000 0.6313876300524285
-0.8663400618303555 0.6102299666435050
-0.8809539270171296 0.5887130737817178
-0.8950526972391646 0.5668578324157297
-0.9086410040646930 0.5446816105879558
-0.9217067570524019 0.5221934539758397
-0.9342356068054768 0.4994018104894264
-0.9462154285712859 0.4763159862816895
-0.9576326650299866 0.4529468159811162
-0.9684722709462029 0.4293040765733042
-0.9787223738350701 0.4053998599182406
-0.9883925749945814 0.3812502173440150
-0.9974914121322942 0.3568795548649266
-1.0060124642231867 0.3323008780699967
-1.0139472460548687 0.3075267197793718
-1.0212876761147447 0.2825695486119714
-1.0280259509380626 0.2574431091796067
-1.0341528197944242 0.2321605608922195
-1.0396593324861156 0.2067356894498039
-1.0445404958900202 0.1811797669799131
-1.0487904139471841 0.1555113208646906
-1.0524014704142870 0.1297451707182943
-1.0553663644891182 0.1038966963861356
-1.0576793527864973 0.0779813206600834
-1.0593354966866655 0.0520156933565076
-1.0603305406389240 0.0260163067919010
-1.0606621957496225 0.0000000000000000
-1.0603338415843516 -0.0260213094179569
-1.0593508152099810 -0.0520261170394371
-1.0577157958585770 -0.0779980580443199
-1.0554318874166364 -0.1039209971151393
-1.0525027222548334 -0.1297787044409611
-1.0489327085381405 -0.1555557492435681
-1.0447266867550225 -0.1812366507812889
-1.0398898326518233 -0.2068062453305683
-1.0344270878520800 -0.2322472479857232
-1.0283432284701474 -0.2575469090875559
-1.0216450558123515 -0.2826908668937756
-1.0143396662358016 -0.3076651619638960
-1.0064334566109337 -0.3324555336553876
-0.9979331330953438 -0.3570485241072413
-0.9888457431794399 -0.3814306705071094
-0.9791772583364062 -0.4055882804755707
-0.9689251013911953 -0.4295010809348309
-0.9580863277968141 -0.4531537707354302
-0.9466705794577181 -0.4765333913531491
-0.9346894530097929 -0.4996283817062294
-0.9221537961045010 -0.5224266176936710
-0.9090738507636784 -0.5449169998173114
-0.8954613050074045 -0.5670890173971177
-0.8813265670678007 -0.5889318411363830
-0.8666699129520228 -0.6104296805886934
-0.8514945867282539 -0.6315645826464049
-0.8358120064343305 -0.6523258398941224
-0.8196326620647877 -0.6727023445736057
-0.8029590737951453 -0.6926774989712571
-0.7857953634329422 -0.7122331218352310
-0.7681443892835796 -0.7313503898030154
-0.7500000000000000 -0.7500000000000000
-0.7317869580025567 -0.7676225661648452
-0.7129744544156447 -0.7846037158852677
-0.6935612057846740 -0.8008954401970772
-0.6735616636707029 -0.8164618405096539
-0.6529951546849041 -0.8312730642857220
-0.6318878179843025 -0.8453028176340578
-0.6102754805071456 -0.8585409015512623
-0.5881963301738300 -0.8709848204510428
-0.5657027624179525 -0.8826180532725709
-0.5428111837306584 -0.8934471031603289
-0.5195621088228530 -0.9034843634431396
-0.4959944403990546 -0.9127488700743386
-0.4721494121697682 -0.9212598882475840
-0.4480571445001955 -0.9290435532030179
-0.4237504758661207 -0.9361275423039158
-0.3992577751953019 -0.9425388335559206
-0.3747922731504967 -0.9482446591155573
-0.3501846990652836 -0.9533027746996575
-0.3254571078904521 -0.9577352115382207
-0.3006292223315660 -0.9615661853455327
-0.2757217810215292 -0.9648193862984357
-0.2507482123574067 -0.9675184263557990
-0.2257232766875452 -0.9696871476497788
-0.2006595594425699 -0.9713487237676842
-0.1755838045750756 -0.9725214690932107
-0.1504905050816386 -0.9732251268977441
-0.1253888429242081 -0.9734814569717917
-0.1002864471057879 -0.9733115383206737
-0.0751914460589487 -0.9727324966899047
-0.0501085688657909 -0.9717610861361253
-0.0250431818383917 -0.9704137094140542
0.0000000000000000 -0.9687025418963237
0.0244876521075909 -0.9666611211937125
0.0489405792609849 -0.9642389614429407
0.0733533702339868 -0.9614415245823073
0.0977213918765906 -0.9582777393009862
0.1220398074470845 -0.9547566996666582
0.1463051359947370 -0.9508867014185667
0.1705140011773819 -0.9466783118187891
0.1946635393437816 -0.9421418481294601
0.2187469350468459 -0.9372848289799164
0.2427645828422582 -0.9321124815452466
0.2667140677263260 -0.9266334038858251
0.2905933550671774 -0.9208560555058828
0.3143999601828675 -0.9147876449056093
0.3381323703062002 -0.9084352623536960
0.3617889136248481 -0.9018060558072614
0.3853677628864888 -0.8949056001180202
0.4088493990928540 -0.8877323788152571
0.4322430039468696 -0.8802770723345899
0.4555473715868581 -0.8725474909169201
0.4787623856324086 -0.8645535492823433
0.5018874006538349 -0.8563040789925259
0.5249225675887616 -0.8478069521790770
0.5478683066128519 -0.8390713295422365
0.5707248216047939 -0.8301048494838151
0.5934888617343129 -0.8209078841519054
0.6161574521496774 -0.8114781066934949
0.6387287116811086 -0.8018176837427522
0.6612003145738395 -0.7919276588765616
0.6835673921957981 -0.7818030450089957
0.7058262397996112 -0.7714426555054948
0.7279732896467332 -0.7608452827345088
0.7500000000000000 -0.7500000000000000
0.7630759591143779 -0.7433408684408979
0.7760329011589936 -0.7364530246030354
0.7888482564864544 -0.7293046008154899
0.8015060432788363 -0.7218807387253089
0.8139884643634228 -0.7141597301919103
0.8262656823735828 -0.7061164269627172
0.8383159346729354 -0.6977362943685053
0.8501137049526014 -0.6890042946431930
0.8616529869491075 -0.6798649394141682
0.8728556105591899 -0.6703159045284839
0.8836857754654970 -0.6603455414378050
0.8941052364411856 -0.6499467220320322
0.9040768461897412 -0.6391095220673559
0.9135538329162170 -0.6278372274190571
0.9224946532863106 -0.6161342478825925
0.9308551487579154 -0.6040098875122280
0.9386616962818543 -0.5913170207922967
0.9457521627761489 -0.5782106736769964
0.9520941667986767 -0.5647260878724827
0.9576694696587725 -0.5509068596972459
0.9624702088465215 -0.5368038666105371
0.9665027652120929 -0.5224623185800407
0.9697850243066861 -0.5079315648642588
0.9723433195590499 -0.4932560357864203
0.9741953063358765 -0.4785294034046558
0.9753783140177223 -0.4637339970515383
0.9759310909520577 -0.4489025487820168
0.9758942808171937 -0.4340608485719804
0.9753036598582753 -0.4192369512963903
0.9741947363056030 -0.4044427952843465
0.9726026716949709 -0.3896933161225371
0.9705561462022714 -0.3750000000000000
0.9682100096192860 -0.3613436622794927
0.9654079989610359 -0.3477735239945074
0.9621631249457529 -0.3343026499091579
0.9584959096085030 -0.3209405696942872
0.9544283272966577 -0.3076974056676872
0.9499793786967169 -0.2945774408943291
0.9451722617498910 -0.2815847325984510
0.9400292807703770 -0.2687212731552608
0.9345730745251025 -0.2560034279094712
0.9288125589714690 -0.2434204936394699
0.9227648559087195 -0.2309732328057379
0.9164461466981475 -0.2186613309010612
0.9098716331018013 -0.2064855266576138
0.9030548104156397 -0.1944437092503980
0.8960091535224295 -0.1825344658529265
0.8887463605620815 -0.1707563846096942
0.8812990166129778 -0.1591618591850728
0.8736392250121206 -0.1477065746251030
0.8657797636551979 -0.1363874930539222
0.8577346518987211 -0.1251996015071738
0.8495173594252651 -0.1141386976501672
0.8411391508926371 -0.1031991770248355
0.8326121561451852 -0.0923753362891027
0.8239468066719540 -0.0816619387793325
0.8151549194768732 -0.0710553941592011
0.8062378783033895 -0.0605538492280845
0.7971920356857110 -0.0501629860164281
0.7880127907205384 -0.0398897796612284
0.7786943737542857 -0.0297427224122713
0.7692458063753642 -0.0197167441529422
0.7596803290349184 -0.0098023178553340
0.7500000000000000 0.0000000000000000
0.7409850913159473 0.0087570179621940
0.7316825025355464 0.0172078039702975
0.7220542571638527 0.0252877691588731
0.7120740715154251 0.0329287665289195
0.7017138247401287 0.0400666403918386
0.6909795914400120 0.0466286669070739
0.6798906500766596 0.0525724985650415
0.6684821325839951 0.0578771648088021
0.6568218971698973 0.0625259639614397
0.6449304392351502 0.0665466170999093
0.6328589001743272 0.0699835009571492
0.6206499205562759 0.0728946936046974
0.6083498383651556 0.0753379012307355
0.5959758697579432 0.0773741198633896
0.5835498455485856 0.0790581239489959
0.5710864099983096 0.0804382405005942
0.5588475977728269 0.0815044763776486
0.5465872498836822 0.0822850231560578
0.5343134558768510 0.0828068408005579
0.5220319977168502 0.0830968381115514
0.5097491469883827 0.0831790861115204
0.4974664740022784 0.0830735822360607
0.4851865338825405 0.0827993370325882
0.4729109229937379 0.0823732888162024
0.4606473570926229 0.0818095701227865
0.4483902215671231 0.0811200368851336
0.4361400777658664 0.0803165982719221
0.4238971414096745 0.0794099306730194
0.4116619012152901 0.0784085089558670
0.3994340377714962 0.0773207113323207
0.3872134355552016 0.0761543972799322
0.3750000000000000 0.0749152851233300
0.3631054911775774 0.0736259764477672
0.3512218301791122 0.0722402426128885
0.3393497276182627 0.0707588102704779
0.3274894867687587 0.0691852321846414
0.3156414135898789 0.0675234048227750
0.3038055460496924 0.0657767658206051
0.2919817552674632 0.0639502708521918
0.2801697871329385 0.0620488184808347
0.2683704067727843 0.0600753784478135
0.2565829708319547 0.0580318040331269
0.2448073212053602 0.0559214257791777
0.2330432397675512 0.0537474873192265
0.2212905836205628 0.0515129706336892
0.2095490583355309 0.0492206845895307
0.1978184135222831 0.0468733846203317
0.1860984078688019 0.0444735278824514
0.1743917972993771 0.0420229663539152
0.1626958505625490 0.0395220039874272
0.1510104516636585 0.0369722280212184
0.1393354659431959 0.0343751886816934
0.1276707863432900 0.0317323581863403
0.1160162624421346 0.0290450964140102
0.1043717634721968 0.0263147320870694
0.0927371505319534 0.0235425438991148
0.0811125615081556 0.0207293074703006
0.0694977329832519 0.0178760413569331
0.0578923612725921 0.0149845634430105
0.0462961222359585 0.0120566738831837
0.0347089131518224 0.0090933140291072
0.0231305641156527 0.0060955232457354
0.0115609452178717 0.0030642185455280
0.0000000000000000 0.0000000000000000
-0.0053365487188565 -0.0014368448675617
-0.0106640932978234 -0.0029067238290029
-0.0159802781205459 -0.0044172496729253
-0.0212837298434611 -0.0059718908589263
-0.0265728373415642 -0.0075750808040214
-0.0318459361397157 -0.0092301654518501
-0.0371028831451835 -0.0109358467310396
-0.0423432387363525 -0.0126918403877986
-0.0475666500209710 -0.0145043993362776
-0.0527674672360071 -0.0163808043260853
-0.0579430349261780 -0.0183258817087269
-0.0630901172077869 -0.0203451317988232
-0.0682053408771352 -0.0224452935293375
-0.0732836546706912 -0.0246331969769231
-0.0783197364475759 -0.0269168747786410
-0.0833067117256972 -0.0293058874493768
-0.0884919842108036 -0.0319625963507738
-0.0935872795016508 -0.0347880377022504
-0.0985775339404616 -0.0377958449546282
-0.1034437313666481 -0.0410004769835673
-0.1081676331192157 -0.0444218007225633
-0.1127150935490462 -0.0480743761884578
-0.1170512572032770 -0.0519771380060763
-0.1211309584528138 -0.0561472582388588
-0.1249914401664806 -0.0607242661590447
-0.1284479891474024 -0.0656134981749639
-0.1314208532828098 -0.0708146886619181
-0.1338197749890177 -0.0763042677256223
-0.1355625639139717 -0.0820629531383430
-0.1365656319633870 -0.0879953746850528
-0.1367893109102011 -0.0940084963259590
-0.1362329406526081 -0.1000000000000000
-0.1350240917623048 -0.1054762152374183
-0.1331917491435468 -0.1107764765039601
-0.1308239625478958 -0.1158561064338807
-0.1280086250664640 -0.1207020251757844
-0.1248388537067964 -0.1252961223421957
-0.1213689064394424 -0.1296679234823186
-0.1176533487140619 -0.1338311443393935
-0.1137342525320009 -0.1378033555914765
-0.1096955589919424 -0.1415544464345049
-0.1055155712291882 -0.1451474160038704
-0.1012154689297348 -0.1485951277464262
-0.0968119027101180 -0.1519096715453480
-0.0923203860781235 -0.1551004975928929
-0.0877507019131602 -0.1581783343581645
-0.0831124420177803 -0.1611515804500240
-0.0784134292424724 -0.1640278499292870
-0.0737541952299652 -0.1667593217808331
-0.0690477864206058 -0.1694086832469746
-0.0642988478032611 -0.1719809250484288
-0.0595113279348988 -0.1744806249077102
-0.0546889932627744 -0.1769117558471833
-0.0498345847771654 -0.1792781935898008
-0.0449507969663239 -0.1815833295115620
-0.0400399679405418 -0.1838302815089698
-0.0351054599228591 -0.1860211157565593
-0.0301477651656219 -0.1881589620492216
-0.0251686437575661 -0.1902463799117197
-0.0201696546337766 -0.1922857599815130
-0.0151521826524178 -0.1942789715793102
-0.0101173656196779 -0.1962279546485404
-0.0050663392605891 -0.1981345134271988
0.0000000000000000 -0.2000000000000000
0.0041520214438456 -0.2014907983946454
0.0083162763340137 -0.2029470755431796
0.0124925786197058 -0.2043684356844421
0.0166805971109350 -0.2057548939599661
0.0208799912060823 -0.2071064872472060
0.0250904533585138 -0.2084231966469641
0.0293115750453306 -0.2097053169040487
0.0335429606587873 -0.2109531455937229
0.0377843205082081 -0.2121665410736959
0.0420354549736636 -0.2133452342991431
0.0462960477320677 -0.2144892654198109
0.0505657901527733 -0.2155986605337574
0.0548443879961526 -0.2166733919188096
0.0591315590610927 -0.2177133973588560
0.0634270240802392 -0.2187185983312286
0.0677305185315322 -0.2196888479038953
0.0720424596487732 -0.2206239366236964
0.0763620008073017 -0.2215232648686825
0.0806889163218318 -0.2223864237630582
0.0850229777676322 -0.2232129541804337
0.0893639727248933 -0.2240023624087092
0.0937116498969522 -0.2247540975864095
0.0980657738580857 -0.2254675604998315
0.1024260961353254 -0.2261421080788445
0.1067925732966647 -0.2267771265705117
0.1111647162645244 -0.2273718846338045
0.1155422514707974 -0.2279255893815157
0.1199248830223195 -0.2284373941425337
0.1243123376770791 -0.2289064201234217
0.1287042464783039 -0.2293317209581773
0.1331002619325161 -0.2297122943595001
0.1375000000000000 -0.2300470971746016
0.1419728387682015 -0.2303394132058580
0.1464486209448022 -0.2305825370756831
0.1509268693607753 -0.2307751391603143
0.1554070510787160 -0.2309157670821474
0.1598886810062481 -0.2310028548562305
0.1643710438075392 -0.2310347108658230
0.1688534611007773 -0.2310094938200483
0.1733351568512092 -0.2309252092385490
0.1778164871619091 -0.2307796582805437
0.1822953003812294 -0.2305705205713301
0.1867705557434110 -0.2302952452763183
0.1912410389487943 -0.2299510549871393
0.1957056407362066 -0.2295348927518058
0.2001625850995566 -0.2290434590652469
0.2046101562006650 -0.2284731164939417
0.2090463104846754 -0.2278198826028168
0.2135150170306764 -0.2270711345521590
0.2179669360452292 -0.2262282947539181
0.2223989113366973 -0.2252858476536121
0.2268070909921703 -0.2242377237839602
0.2311879430615281 -0.2230769318670646
0.2355352498375238 -0.2217962185801386
0.2398428658252435 -0.2203872658816993
0.2441031078696151 -0.2188409667749719
0.2483257824929204 -0.2171392130475222
0.2524803900778950 -0.2152774443889433
0.2565537709358328 -0.2132432486738679
0.2605291533869101 -0.2110236274925145
0.2643911618871296 -0.2086016959510771
0.2681105495796853 -0.2059659764592413
0.2716586968558830 -0.2031024190053234
0.2750000000000000 -0.2000000000000000
0.2783646962445434 -0.1967467331815089
0.2818363425432558 -0.1936078483816196
0.2854099805384382 -0.1905856352865943
0.2890805979324464 -0.1876819775142048
0.2928428661391507 -0.1848985858188782
0.2966918982130465 -0.1822364657083437
0.3006225628876458 -0.1796964900699107
0.3046298295214379 -0.1772791743781419
0.3087064133107153 -0.1749860014669101
0.3128496389968663 -0.1728155502913651
0.3170546971001865 -0.1707675458433472
0.3213169726539528 -0.1688414505769685
0.3256316640323817 -0.1670366558089408
0.3299947101656802 -0.1653521160247568
0.3344018889408207 -0.1637867715625602
0.3388492069028284 -0.1623393977386354
0.3433152967166667 -0.1610135750365007
0.3478137247446550 -0.1598020019517160
0.3523409914983310 -0.1587032064117724
0.3568938166309966 -0.1577156441560593
0.3614688152355056 -0.1568377651470147
0.3660632216169797 -0.1560678860736203
0.3706741639855191 -0.1554043567943966
0.3752989600351173 -0.1548454989144315
0.3799334307840631 -0.1543896595117322
0.3845767311149786 -0.1540348768729133
0.3892265418359903 -0.1537795443844896
0.3938806941258836 -0.1536220614223572
0.3985369465084598 -0.1535607115149015
0.4031934852467949 -0.1535938331056784
0.4078484211973969 -0.1537197975822839
0.4125000000000000 -0.1539368468779442
0.4170738737668222 -0.1542359810155153
0.4216416853116301 -0.1546166385495314
0.4262020862495358 -0.1550775828782755
0.4307537637118727 -0.1556179148757606
0.4352953793999234 -0.1562368156412576
0.4398257056942026 -0.1569335615654254
0.4443434522354182 -0.1577076799233948
0.4488473353576008 -0.1585587556336158
0.4533359870538362 -0.1594858529498850
0.4578084398239470 -0.1604881850820047
0.4622634221610514 -0.1615655158536552
0.4666996504621347 -0.1627176389703948
0.4711159029258311 -0.1639440916358004
0.4755109520605328 -0.1652444819876345
0.4798835625250972 -0.1666184312059243
0.4842326095016511 -0.1680652377323762
0.4885558115195702 -0.1695798857563944
0.4928557040539509 -0.1711594928332270
0.4971311177537824 -0.1728042202156798
0.5013806674670623 -0.1745146639305265
0.5056030959594057 -0.1762911611237967
0.5097970129030426 -0.1781339593548915
0.5139609210385933 -0.1800436139980344
0.5180934343817008 -0.1820202893093645
0.5221945271589540 -0.1840604826162024
0.5262647853019082 -0.1861615179197185
0.5303027987551026 -0.1883238928587633
0.5343072205630826 -0.1905478586878539
0.5382781054937940 -0.1928308843976054
0.5422162916188147 -0.1951698635700289
0.5461227237689069 -0.1975614395737318
0.5500000000000000 -0.2000000000000000
0.5564255712748250 -0.2041286338347522
0.5628157438127387 -0.2083118477289977
0.5691690691845496 -0.2125508329465097
0.5754834639278401 -0.2168475942827124
0.5817568147967993 -0.2212042995029811
0.5879868121909949 -0.2256227770654119
0.5941703693168694 -0.2301060550899370
0.6003041202729416 -0.2346572373300837
0.6063865538350408 -0.2392798248692687
0.6124131658884808 -0.2439749564704179
0.6183801742551099 -0.2487456585864559
0.6242833614825975 -0.2535951088733049
0.6301183997799409 -0.2585269235523546
0.6358798780793648 -0.2635444763189154
0.6415621364758588 -0.2686516515643641
0.6471588268002539 -0.2738524550489299
0.6527113613388923 -0.2791974379768107
0.6581626815842107 -0.2846456110545582
0.6635035274185808 -0.2902022775671746
0.6687232055092226 -0.2958729157666204
0.6738106682449276 -0.3016643931774053
0.6787512935645247 -0.3075816314807167
0.6835296582854342 -0.3136309495612639
0.6881278890863163 -0.3198182989248837
0.6925429830559773 -0.3261710968853298
0.6967358826430145 -0.3326726882090141
0.7006786080375576 -0.3393295940788995
0.7043390768398362 -0.3461457841763684
0.7076869457257177 -0.3531281788954341
0.7106806359345423 -0.3602695989939494
0.7132795916356103 -0.3675648971994749
0.7154464310365072 -0.3750000000000000
0.7173858574557380 -0.3835295394798592
0.7187870246138193 -0.3921638402140936
0.7195977265647338 -0.4008751212070788
0.7197631852665739 -0.4096224795288778
0.7192330577373150 -0.4183709379699522
0.7179674263153951 -0.4270435810155486
0.7159385872857406 -0.4355713911298499
0.7131410830350450 -0.4438788397827860
0.7096077799855241 -0.4518850890326720
0.7053819742286654 -0.4595484318539448
0.7005199355503135 -0.4668230882127250
0.6950861990331690 -0.4736812623655431
0.6891637118795897 -0.4801001546312962
0.6828126433640851 -0.4860953160732447
0.6760979932684285 -0.4916776629492701
0.6690762710954940 -0.4968684760144356
0.6622775782533754 -0.5014277807280444
0.6553215208359073 -0.5057431890561054
0.6482339205916157 -0.5098380004596926
0.6410344395102113 -0.5137327443296192
0.6337418876933844 -0.5174444348397523
0.6263677729474098 -0.5209913194103746
0.6189233637510537 -0.5243877804067774
0.6114177043624233 -0.5276466533292370
0.6038691752729039 -0.5307803000435879
0.5962764147357272 -0.5338052001362809
0.5886432070819023 -0.5367264289323984
0.5809724948314504 -0.5395477070711939
0.5732697785656641 -0.5422791519652272
0.5655381214961192 -0.5449275681030927
0.5577797534034214 -0.5474965383164639
0.5500000000000000 -0.5500000000000000
0.5331740467008686 -0.5553098597169228
0.5163245774212786 -0.5605446185111847
0.4994521976828783 -0.5657050579188401
0.4825568353929910 -0.5707897472908977
0.4656385064574371 -0.5757975224898501
0.4486977650682514 -0.5807289469898882
0.4317347597199793 -0.5855832423994315
0.4147495769901043 -0.5903593602791931
0.3977421626691109 -0.5950568562836713
0.3807127945522127 -0.5996741316855926
0.3636610110888567 -0.6042079590907434
0.3465863011862715 -0.6086546648335865
0.3294881858814596 -0.6130108589418744
0.3123663392956785 -0.6172728236975592
0.2952203142699565 -0.6214364976308785
0.2780498808759313 -0.6254983410383758
0.2608498020156979 -0.6294604552625733
0.2436268195131404 -0.6333217938440026
0.2263806612210313 -0.6370783288854385
0.2091110005404568 -0.6407252935592235
0.1918174187351692 -0.6442578346784642
0.1744998593193204 -0.6476708911230383
0.1571580721310261 -0.6509587428682923
0.1397919381284488 -0.6541154724714399
0.1224000073135475 -0.6571368656003774
0.1049841681441126 -0.6600172509798509
0.0875443634149126 -0.6627489970881148
0.0700807614030769 -0.6653242311677376
0.0525935987602271 -0.6677363970133529
0.0350837863939036 -0.6699782427396192
0.0175521380398607 -0.6720426375377237
0.0000000000000000 -0.6739248888817071
-0.0180075726215083 -0.6756773478523539
-0.0360308981365349 -0.6772595998999400
-0.0540691631466685 -0.6786620094923490
-0.0721213375946207 -0.6798722800990299
-0.0901867851880466 -0.6808775034489389
-0.1082630635479478 -0.6816642889275712
-0.1263481358992146 -0.6822165058795832
-0.1444391446722788 -0.6825168175269672
-0.1625433567978676 -0.6825483223940546
-0.1806457897147618 -0.6822925652156373
-0.1987414194561098 -0.6817281135650974
-0.2168236540185819 -0.6808318911432064
-0.2348870573429016 -0.6795799115540968
-0.2529199138886067 -0.6779458744215280
-0.2709112189389760 -0.6759016239843203
-0.2888473231280910 -0.6734192493585481
-0.3069670906878619 -0.6704433599156939
-0.3250015206854099 -0.6669877515669726
-0.3429290177633493 -0.6630113652769835
-0.3607218595022945 -0.6584702660422619
-0.3783556884733405 -0.6533189812843791
-0.3957865742280469 -0.6475179571814063
-0.4129736320377358 -0.6410273377081581
-0.4298705252224272 -0.6338149803955158
-0.4464717704273783 -0.6258497526244635
-0.4626952324414222 -0.6171408218015364
-0.4784931750758463 -0.6076808696367490
-0.4938213074353606 -0.5974772406347795
-0.5086478482600916 -0.5865620092971511
-0.5229555232637403 -0.5749749896643324
-0.5367355217663916 -0.5627666135847780
-0.5500000000000000 -0.5500000000000000
-0.5632933441994945 -0.5363170829014258
-0.5762141360963508 -0.5222818288214021
-0.5887729807475801 -0.5079221185583183
-0.6009705254064679 -0.4932542706552392
-0.6128057206936279 -0.4782936410171128
-0.6242791511978016 -0.4630538024641525
-0.6353829905562581 -0.4475425766989150
-0.6461081741164409 -0.4317671587697773
-0.6564541379865286 -0.4157422489540466
-0.6664232450061342 -0.3994802193071939
-0.6760070599377265 -0.3829881257290864
-0.6851956967345913 -0.3662726355164913
-0.6939806884238785 -0.3493409620945975
-0.7023526821751949 -0.3322013190272981
-0.7103014013033117 -0.3148612566458807
-0.7178185979305172 -0.2973298090719618
-0.7249097443201942 -0.2796185458832856
-0.7315797463938157 -0.2617444228783302
-0.7378240377879379 -0.2437171441598158
-0.7436367819857687 -0.2255461244333311
-0.7490123971460153 -0.2072407371337234
-0.7539455047725011 -0.1888111714392958
-0.7584298640279936 -0.1702672620301639
-0.7624594263340050 -0.1516192411773123
-0.7660303477465168 -0.1328756237185481
-0.7691383679442297 -0.1140497137637694
-0.7717786150314780 -0.0951524863727892
-0.7739464434643825 -0.0761952548335158
-0.7756377831219968 -0.0571892952388615
-0.7768492040717887 -0.0381467221660476
-0.7775777265377120 -0.0190795418040821
-0.7778210298162883 0.0000000000000000
-0.7775761444125890 0.0190770222335342
-0.7768418376742609 0.0381414797336508
-0.7756201599415350 0.0571808919612180
-0.7739145631253176 0.0761830669407930
-0.7717290521093916 0.0951356774528041
-0.7690683084025244 0.1140274308533515
-0.7659381230520499 0.1328470446322105
-0.7623445322928280 0.1515836939743148
-0.7582922521266229 0.1702234112254645
-0.7537852930959592 0.1887584416825246
-0.7488309145221491 0.2071788644848771
-0.7434365879304521 0.2254752871923948
-0.7376085045920768 0.2436378040492134
-0.7313530186987718 0.2616575840204542
-0.7246767797959193 0.2795257224754675
-0.7175846197786141 0.2972328906291962
-0.7100684221985688 0.3147598416107392
-0.7021189387600582 0.3320945740814909
-0.6937454479467592 0.3492284270386433
-0.6849599813108403 0.3661547332377785
-0.6757733371430125 0.3828659229972911
-0.6661952421841453 0.3993558711841002
-0.6562373725441471 0.4156192150663780
-0.6459093344732717 0.4316500338728822
-0.6352060792578032 0.4474350041750644
-0.6241259736115397 0.4629577687006208
-0.6126789278769149 0.4782119020857375
-0.6008732561788641 0.4931902049648813
-0.5887055662558792 0.5078774353357165
-0.5761751804405839 0.5222564772143583
-0.5632791754848606 0.5363089935498224
-0.5500000000000000 0.5500000000000000
-0.5367780706846060 0.5626026855890553
-0.5228909726499556 0.5744684180592347
-0.5082932671634096 0.5854539338285750
-0.4929933603731798 0.5954382923157610
-0.4770361424760385 0.6043404625268598
-0.4605068757364016 0.6121292222826971
-0.4435169931857960 0.6188455164826766
-0.4261696882511105 0.6245757632807723
-0.4086929219370325 0.6293657319440037
-0.3910138218299390 0.6333444980837762
-0.3731921489752797 0.6366141420192453
-0.3552690067990553 0.6392718796537933
-0.3372872202904479 0.6414023417298369
-0.3192577565593807 0.6430822084711958
-0.3011971417976264 0.6443760236984385
-0.2831158347225098 0.6453383634877457
-0.2653969374453599 0.6459780745416673
-0.2476698980677869 0.6463253868747018
-0.2299398743111973 0.6464100449948057
-0.2122102817456404 0.6462601888441696
-0.1944849635212011 0.6459004486301425
-0.1767645085740383 0.6453510893262274
-0.1590502559151959 0.6446310042158601
-0.1413429369382871 0.6437568620778285
-0.1236476422253812 0.6427427247049131
-0.1059601626768248 0.6416003601365103
-0.0882806463244684 0.6403412513118659
-0.0706090351591693 0.6389756700041382
-0.0529454796233276 0.6375121863011075
-0.0352895972527735 0.6359588684218705
-0.0176411742310753 0.6343231471650243
0.0000000000000000 0.6326110166408677
0.0172968186325726 0.6308536406190468
0.0345850104437244 0.6290133337992460
0.0518645030718226 0.6270931380788694
0.0691354192851614 0.6250972747967570
0.0863978483879305 0.6230299120888257
0.1036520167232726 0.6208947019937879
0.1208981807494170 0.6186958363628354
0.1381366342876014 0.6164373184214593
0.1553671749032737 0.6141221290295761
0.1725903263100470 0.6117525958586784
0.1898063107874669 0.6093315701459816
0.2070153633698496 0.6068617530990947
0.2242176789644903 0.6043456472593446
0.2414135087140527 0.6017855906899481
0.2586030728128176 0.5991838132615157
0.2757865847173559 0.5965423594346921
0.2929628460605650 0.5938629932251930
0.3101333319903016 0.5911468617939950
0.3272982092161633 0.5883955180585069
0.3444576463923525 0.5856104474442979
0.3616117940197469 0.5827930521547305
0.3787608185071188 0.5799446392331835
0.3959048712217895 0.5770664598595609
0.4130441011737895 0.5741596993529802
0.4301785759838981 0.5712254325510824
0.4473084962494140 0.5682646927144816
0.4644340081123891 0.5652785640295644
0.4815552559430440 0.5622680833680945
0.4986723609558433 0.5592341680367458
0.5157854466445363 0.5561776627662712
0.5328946207745598 0.5530993402900033
0.5500000000000000 0.5500000000000000
0.5525094010754572 0.5495418410935386
0.5550177713609250 0.5490780719138191
0.5575246113257112 0.5486060834460752
0.5600296001073607 0.5481243668005847
0.5625322185786668 0.5476303318948488
0.5650320258195364 0.5471222635337953
0.5675291026322859 0.5466009460756769
0.5700233716968988 0.5460663562008894
0.5725153581162095 0.5455150597577321
0.5750025279157314 0.5449424250830810
0.5774837696697353 0.5443445225417311
0.5799575127467529 0.5437163161427888
0.5824222305822749 0.5430511056511857
0.5848742494056660 0.5423405124506730
0.5873092410586961 0.5415730114083751
0.5897201850647949 0.5407330166466588
0.5927362661426382 0.5395076646497546
0.5956347209716281 0.5380253717675121
0.5983187521324377 0.5361557831160145
0.6005464454543019 0.5337606281185818
0.6020011227842295 0.5307532444246280
0.6024811384688166 0.5274471851753987
0.6022185780712538 0.5241477168360574
0.6014931858600684 0.5209182841576081
0.6006174057779420 0.5181651516903042
0.5995861443613026 0.5154664058657917
0.5984439623969588 0.5128135945131307
0.5972193466548300 0.5101978147065320
0.5959328746850102 0.5076147119064757
0.5945972481625287 0.5050566790690722
0.5932223058670454 0.5025196477420137
0.5918157606219321 0.5000000000000000
0.5907912965848339 0.4982306989511449
0.5897287417101743 0.4964840078212869
0.5886301832989474 0.4947597724630349
0.5874999916346501 0.4930561043746219
0.5863422530472251 0.4913713632528226
0.5851592095010677 0.4897042941924086
0.5839539899110529 0.4880532145094651
0.5827293852257090 0.4864164610936390
0.5814874734568697 0.4847939890267822
0.5802285515995178 0.4831846797941008
0.5789540249758253 0.4815877101551151
0.5776651095659277 0.4800023309549009
0.5763629291269507 0.4784278904425817
0.5750484294327283 0.4768637205744486
0.5737224919260043 0.4753092394688723
0.5723859050572951 0.4737639054202843
0.5710408539180730 0.4722289362751628
0.5696864839609922 0.4707021832293317
0.5683233779480452 0.4691832274042348
0.5669520654854101 0.4676716762370724
0.5655730411543073 0.4661671758853932
0.5641867399721869 0.4646693780197157
0.5627935712333432 0.4631779674046714
0.5613939103006050 0.4616926479000108
0.5599881510095925 0.4602131928265894
0.5585765671375300 0.4587392940951042
0.5571594561078480 0.4572707097454461
0.5557370929581675 0.4558072116303335
0.5543097372859777 0.4543485893308581
0.5528776240299217 0.4528946378704276
0.5514409758277060 0.4514451678407314
0.5500000000000000 0.4500000000000000
0.5487703026651140 0.4487470341878603
0.5475646059909115 0.4474709564505599
0.5463838065850049 0.4461717977718816
0.5452288355752058 0.4448496243808704
0.5441006072431328 0.4435044804693203
0.5430001387328328 0.4421365329667054
0.5419284265052548 0.4407459326036389
0.5408864980390174 0.4393328786274070
0.5398750816685329 0.4378971478905784
0.5388955739566090 0.4364394612077004
0.5379490489820067 0.4349601354968071
0.5370366022439319 0.4334595505986315
0.5361592959212044 0.4319380672596031
0.5353182756827053 0.4303962297541331
0.5345146445222309 0.4288345688021684
0.5337495079870058 0.4272536911808958
0.5330220204970986 0.4256499553385499
0.5323353422273907 0.4240283266344665
0.5316905527634555 0.4223895819331184
0.5310887172593259 0.4207345799165132
0.5305308362325087 0.4190641696989717
0.5300179150960207 0.4173794105343747
0.5295508839058303 0.4156813497647439
0.5291306177083319 0.4139711144495870
0.5287577259796192 0.4122494642649168
0.5284329969281333 0.4105180837051212
0.5281571617654489 0.4087782374387940
0.5279308575544201 0.4070312581969321
0.5277544854558038 0.4052785033709412
0.5276284078181676 0.4035214145779393
0.5275528669881729 0.4017614284737856
0.5275278223171240 0.4000000000000000
0.5275509774029145 0.3982360838209400
0.5276201688088577 0.3964733731259900
0.5277355262662469 0.3947130767078312
0.5278974117245736 0.3929564481411899
0.5281061584562166 0.3912047133949555
0.5283620378468690 0.3894592405201803
0.5286654975181786 0.3877213991425494
0.5290169260071286 0.3859926196762577
0.5294162177290316 0.3842739004414051
0.5298630557140182 0.3825669248989308
0.5303576179319010 0.3808731529743036
0.5308999753938942 0.3791940748035705
0.5314898902322890 0.3775310809093667
0.5321270234472670 0.3758855993764745
0.5328109229190528 0.3742590003161323
0.5335407748150569 0.3726524950405373
0.5343110874723566 0.3710702663641109
0.5351205672632547 0.3695077134393656
0.5359684914302038 0.3679656863091030
0.5368543157354280 0.3664451145864815
0.5377772949105502 0.3649468316623629
0.5387366368200110 0.3634715671507695
0.5397316464958218 0.3620201242005355
0.5407614202908268 0.3605931354746296
0.5418227049676628 0.3591907179397363
0.5429135548898589 0.3578111721613339
0.5440329695757016 0.3564547115691997
0.5451799048721627 0.3551214396529631
0.5463521643769005 0.3538105999583152
0.5475477088293754 0.3525209618254773
0.5487645259914914 0.3512514065945125
0.5500000000000000 0.3500000000000000
0.5526249394340539 0.3474036623981318
0.5552769697061596 0.3448350029401343
0.5579561080128315 0.3422946234919439
0.5606629099413972 0.3397837405542948
0.5633979765821256 0.3373035735709038
0.5661616224194637 0.3348552926473797
0.5689547833318035 0.3324407200660198
0.5717783707528705 0.3300617995737650
0.5746334153580744 0.3277194548623006
0.5775195518548737 0.3254155289592230
0.5804374094636992 0.3231518895991106
0.5833875921967081 0.3209305436062750
0.5863708040285970 0.3187535122453362
0.5893875251570466 0.3166231573421338
0.5924383550583883 0.3145419083769192
0.5955238061764798 0.3125123390285117
0.5986574054293979 0.3105279069517695
0.6018259557657222 0.3085997721765862
0.6050301489687558 0.3067314029719617
0.6082705994900736 0.3049266486989242
0.6115481504527642 0.3031893959381031
0.6148628597142616 0.3015241362046806
0.6182150227793466 0.2999355001124350
0.6216046518839373 0.2984284578496513
0.6250347321224623 0.2970044946887455
0.6285005800596559 0.2956699462248119
0.6320023653384376 0.2944324632155377
0.6355394632190593 0.2932998543157685
0.6391107218612847 0.2922774698186273
0.6427133323344671 0.2913717346872665
0.6463444867402708 0.2905880564189579
0.6500000000000000 0.2899272563319793
0.6540003136884175 0.2893128403349944
0.6580127684741991 0.2887834791963099
0.6620367117111871 0.2883487937596814
0.6660707956224964 0.2880213222344548
0.6701148811330065 0.2878149084648180
0.6741636130772015 0.2877441701819106
0.6782124765562552 0.2878268465336982
0.6822540987169055 0.2880826221417997
0.6863158473434805 0.2885330305639925
0.6903482839095770 0.2891964497321464
0.6943349266093581 0.2900987471364241
0.6982530410779593 0.2912631524062602
0.7020824620977635 0.2927080736389391
0.7057913268101765 0.2944391384154803
0.7093552057139491 0.2964518448617064
0.7127564024046347 0.2987287025978647
0.7159263907820453 0.3011821901155764
0.7189423583153620 0.3038227141450950
0.7218092314106973 0.3066234933735723
0.7245359701418867 0.3095608768220275
0.7271303784233848 0.3126102809700145
0.7296068225215184 0.3157562378383911
0.7319763327474894 0.3189831419480022
0.7342497490334541 0.3222784518324162
0.7364301376130809 0.3256180602695396
0.7385363331373755 0.3290049495923422
0.7405760182000654 0.3324321965616800
0.7425560348625196 0.3358942582249376
0.7444833231851380 0.3393853394023039
0.7463634305243687 0.3429020544118592
0.7482006298915082 0.3464413364633355
0.7500000000000000 0.3500000000000000
