-1.0000000000000000 1.0000000000000000
-0.9694767814625752 1.0100687284810822
-0.9388957415266046 1.0199604502494966
-0.9082608319199553 1.0296839947578187
-0.8775739337658973 1.0392421999290509
-0.8468370049742445 1.0486379301100902
-0.8160525390658534 1.0578767176881837
-0.7852221282379788 1.0669609863510897
-0.7543470357857265 1.0758922144312732
-0.7234286875329761 1.0846726417408921
-0.6924678334389196 1.0933019914373870
-0.6614641162758577 1.1017760955414452
-0.6304169693085468 1.1100896738013616
-0.5993260518830647 1.1182385185470212
-0.5681910100696463 1.1262171141830777
-0.5370111720553097 1.1340188793780313
-0.5057864391202239 1.1416389772704492
-0.4745094726983099 1.1490912802721694
-0.4431942870038888 1.1563813141205759
-0.4118395907989395 1.1634996292979159
-0.3804436980157022 1.1704339858947518
-0.3490046630468930 1.1771718437244809
-0.3175214461631419 1.1837001438519519
-0.2859922831943339 1.1900031004026303
-0.2544157150925433 1.1960641007908811
-0.2227862054359309 1.2018707458764517
-0.1911082094074271 1.2074067711550807
-0.1593805385538165 1.2126512161521866
-0.1276026477283655 1.2175822359055877
-0.0957738978923140 1.2221801250446037
-0.0638960044853805 1.2264239219997868
-0.0319704021365472 1.2302933269599835
0.0000000000000000 1.2337732360549586
0.0327796862520932 1.2369466132983072
0.0655942816719785 1.2397359647181733
0.0984405598232859 1.2421249760637685
0.1313147142091072 1.2440935636334810
0.1642136204746372 1.2456208431991514
0.1971307427728652 1.2466855853948714
0.2300602092679726 1.2472628935653286
0.2629946746997709 1.2473264159846980
0.2959430838838841 1.2468496078144140
0.3288783810413911 1.2458049954740143
0.3617895513004935 1.2441621312038200
0.3946631817261999 1.2418886859179220
0.4274874038363787 1.2389501155334734
0.4602413021359325 1.2353104865379315
0.4929050635382927 1.2309316396958270
0.5254549024847740 1.2257737725809188
0.5582315608163977 1.2197231246458723
0.5908329265179064 1.2127898262808538
0.6232237005575805 1.2049279902975911
0.6553622120015052 1.1960913172762740
0.6872102136808268 1.1862307509609408
0.7187079037377644 1.1753027364979995
0.7497988075924144 1.1632630806889709
0.7804187400484875 1.1500715170635136
0.8105695934275644 1.1356567331233028
0.8401045352013540 1.1200187290963048
0.8689468273892527 1.1031350644841970
0.8970153298671271 1.0849940855129336
0.9242358277389517 1.0655899372172093
0.9505223021703429 1.0449381155677691
0.9758000373561654 1.0230623815524476
1.0000000000000000 1.0000000000000000
1.0230623815524475 0.9758000373561654
1.0449381155677691 0.9505223021703429
1.0655899372172092 0.9242358277389517
1.0849940855129336 0.8970153298671271
1.1031350644841970 0.8689468273892527
1.1200187290963048 0.8401045352013540
1.1356567331233027 0.8105695934275643
1.1500715170635136 0.7804187400484875
1.1632630806889708 0.7497988075924144
1.1753027364979995 0.7187079037377644
1.1862307509609408 0.6872102136808269
1.1960913172762740 0.6553622120015052
1.2049279902975910 0.6232237005575805
1.2127898262808538 0.5908329265179064
1.2197231246458723 0.5582315608163977
1.2257737725809188 0.5254549024847740
1.2309316396958270 0.4929050635382927
1.2353104865379315 0.4602413021359325
1.2389501155334733 0.4274874038363787
1.2418886859179220 0.3946631817261999
1.2441621312038201 0.3617895513004935
1.2458049954740143 0.3288783810413910
1.2468496078144140 0.2959430838838841
1.2473264159846980 0.2629946746997709
1.2472628935653287 0.2300602092679726
1.2466855853948713 0.1971307427728652
1.2456208431991511 0.1642136204746372
1.2440935636334810 0.1313147142091072
1.2421249760637683 0.0984405598232859
1.2397359647181733 0.0655942816719785
1.2369466132983070 0.0327796862520932
1.2337732360549586 0.0000000000000000
1.2302933269599834 -0.0319704021365472
1.2264239219997869 -0.0638960044853805
1.2221801250446036 -0.0957738978923139
1.2175822359055877 -0.1276026477283655
1.2126512161521865 -0.1593805385538165
1.2074067711550808 -0.1911082094074271
1.2018707458764519 -0.2227862054359309
1.1960641007908811 -0.2544157150925433
1.1900031004026303 -0.2859922831943339
1.1837001438519518 -0.3175214461631419
1.1771718437244809 -0.3490046630468930
1.1704339858947518 -0.3804436980157022
1.1634996292979162 -0.4118395907989395
1.1563813141205760 -0.4431942870038888
1.1490912802721693 -0.4745094726983098
1.1416389772704492 -0.5057864391202239
1.1340188793780313 -0.5370111720553097
1.1262171141830778 -0.5681910100696463
1.1182385185470214 -0.5993260518830647
1.1100896738013616 -0.6304169693085468
1.1017760955414454 -0.6614641162758577
1.0933019914373870 -0.6924678334389195
1.0846726417408920 -0.7234286875329761
1.0758922144312732 -0.7543470357857265
1.0669609863510899 -0.7852221282379788
1.0578767176881839 -0.8160525390658534
1.0486379301100900 -0.8468370049742444
1.0392421999290509 -0.8775739337658973
1.0296839947578189 -0.9082608319199553
1.0199604502494967 -0.9388957415266046
1.0100687284810822 -0.9694767814625752
1.0000000000000000 -1.0000000000000000
0.9953674282549614 -1.0137244883620442
0.9906008149826476 -1.0274030006965424
0.9856716075044383 -1.0410238864359960
0.9805711185291814 -1.0545815642203279
0.9752824270265054 -1.0680685332103838
0.9697774752222280 -1.0814686860446536
0.9640373278837634 -1.0947700261489255
0.9580390702740193 -1.1079569835570596
0.9517245926138847 -1.1210476516031416
0.9450682472046591 -1.1339678406035445
0.9380271667190476 -1.1466834701708620
0.9305535328874635 -1.1591497786480937
0.9225837534182523 -1.1713233457061912
0.9140664342901408 -1.1831203111878634
0.9049378643176403 -1.1944546620958357
0.8951376040781212 -1.2052135281831887
0.8839444510008493 -1.2158041976171879
0.8718587330110210 -1.2253637151542724
0.8588974854175071 -1.2337072372202604
0.8451501011120261 -1.2406798783556848
0.8307623119333088 -1.2461910172044525
0.8158960833449642 -1.2502377907860474
0.8007254533123285 -1.2528926196466737
0.7853869444418018 -1.2542805236401454
0.7702734137503028 -1.2545370754676999
0.7551746421840970 -1.2538217252075881
0.7401428418410669 -1.2522636099200041
0.7252042735589921 -1.2499784573028009
0.7103930923774613 -1.2470678641438227
0.6956988459545152 -1.2436150735925500
0.6811238347410322 -1.2396933497047633
0.6666650000000000 -1.2353628799777345
0.6544215737438159 -1.2313012286438377
0.6423184582784078 -1.2268388196442321
0.6303630491915766 -1.2219955364692927
0.6185547987663182 -1.2168037718135593
0.6068942126992005 -1.2112959734920175
0.5953765907411904 -1.2054951550832238
0.5839963460163264 -1.1994299240962655
0.5727464339474091 -1.1931262366544121
0.5616357936715260 -1.1866086645045241
0.5506500435261991 -1.1798827171501715
0.5397847266024925 -1.1729641544995914
0.5290350843300504 -1.1658671965585358
0.5183973281108255 -1.1586051971604294
0.5078663360090762 -1.1511892212981001
0.4974378284834301 -1.1436299329671453
0.4871076422171964 -1.1359368281980756
0.4769050399992041 -1.1281425847821336
0.4667943165732361 -1.1202295199998184
0.4567723036478685 -1.1122044614554933
0.4468358707776576 -1.1040736798490381
0.4369822856570757 -1.0958431303034284
0.4272085263758151 -1.0875179447161121
0.4175119133694821 -1.0791030679720548
0.4078898396358328 -1.0706030590616783
0.3983419318974589 -1.0620221136365559
0.3888649880496964 -1.0533628583639712
0.3794554799945907 -1.0446304063073117
0.3701098342692396 -1.0358296411850519
0.3608259755202213 -1.0269638968881149
0.3516022127305501 -1.0180356464878254
0.3424372775192658 -1.0090470302261749
0.3333300000000000 -1.0000000000000000
0.3291980630711979 -0.9958294637211203
0.3251153614616281 -0.9916107170820975
0.3210937044456864 -0.9873336123884904
0.3171418582879908 -0.9829919235857484
0.3132698652342429 -0.9785779261710185
0.3094870646546134 -0.9740872554905667
0.3057956598133205 -0.9695211432859980
0.3021984125425724 -0.9648804900517940
0.2987050934031503 -0.9601548533671626
0.2953326918806213 -0.9553421796138493
0.2920847986914359 -0.9504446040833418
0.2889636352344912 -0.9454653074542568
0.2859721058275800 -0.9404069769013500
0.2831130334958740 -0.9352726160280808
0.2803880913808942 -0.9300658216506856
0.2778000900688558 -0.9247896235471880
0.2753579793713058 -0.9194259429919344
0.2730858043012195 -0.9139880946850421
0.2709860807839499 -0.9084813790741033
0.2690583857481109 -0.9029121109428733
0.2673015616876306 -0.8972871308274160
0.2657133832537872 -0.8916122280669232
0.2642896798979328 -0.8858939320168118
0.2630258719246930 -0.8801381844225399
0.2619218499888681 -0.8743535202845994
0.2609763004051702 -0.8685408496756343
0.2601848580122108 -0.8627052667078926
0.2595430330046624 -0.8568513389414733
0.2590479185641146 -0.8509835854354244
0.2586965904773683 -0.8451054702534591
0.2584861060131809 -0.8392206543950005
0.2584154008629620 -0.8333325000000000
0.2584973399572950 -0.8274607223808914
0.2587464142479365 -0.8215936576615290
0.2591640708272582 -0.8157361681595092
0.2597499052508825 -0.8098931023278914
0.2605029927697253 -0.8040693088226843
0.2614222280687049 -0.7982694193351649
0.2625050419455989 -0.7924978600946864
0.2637484920497795 -0.7867587648875341
0.2651501758417670 -0.7810578677992360
0.2667084989757344 -0.7753977817509300
0.2684202989598919 -0.7697822371092747
0.2702821797742783 -0.7642146522970598
0.2722905390983590 -0.7586985127825895
0.2744418180644070 -0.7532365258613344
0.2767322018047944 -0.7478314296709253
0.2791579179925840 -0.7424857002088123
0.2817086734457391 -0.7372161266653989
0.2843877419380591 -0.7320106150935454
0.2871914558016544 -0.7268711973993138
0.2901161291410624 -0.7217996383172905
0.2931579337034055 -0.7167977475604703
0.2963133320594100 -0.7118667286643821
0.2995786575149906 -0.7070078379013228
0.3029503154966547 -0.7022221203759262
0.3064236513228649 -0.6975119801722060
0.3099962475646144 -0.6928766766660941
0.3136646779537212 -0.6883168717093830
0.3174256199623758 -0.6838330655170385
0.3212756821612704 -0.6794258123916963
0.3252118165176301 -0.6750952575340733
0.3292309188006126 -0.6708416196517770
0.3333300000000000 -0.6666650000000000
0.3373700223331591 -0.6625245814087260
0.3413072148256740 -0.6582862607695725
0.3451392058841739 -0.6539525913004337
0.3488636873001731 -0.6495261836461337
0.3524784156244674 -0.6450097043241343
0.3559812135545256 -0.6404058740725195
0.3593699712084084 -0.6357174662550143
0.3626426474109995 -0.6309473051704192
0.3657972708356112 -0.6260982644874085
0.3688319414487580 -0.6211732651202709
0.3717448313898771 -0.6161752738575072
0.3745341861645433 -0.6111073014411674
0.3771983256884168 -0.6059724007754121
0.3797356453264256 -0.6007736650344445
0.3821446168300053 -0.5955142258513632
0.3844237892687373 -0.5901972514090590
0.3865717894765461 -0.5848259456312433
0.3885873242018064 -0.5794035429882435
0.3904691795131379 -0.5739333097924952
0.3922162220050316 -0.5684185411518204
0.3938273994724487 -0.5628625590063194
0.3953017415589769 -0.5572687100769569
0.3966383603251482 -0.5516403639001425
0.3978364507884799 -0.5459809107769320
0.3988952913817640 -0.5402937598521767
0.3998142444596146 -0.5345823367122194
0.4005927566132192 -0.5288500816714842
0.4012303590239529 -0.5231004475795466
0.4017266677389405 -0.5173368977577429
0.4020813839107794 -0.5115629038777304
0.4022942939718434 -0.5057819439070790
0.4023652697580799 -0.4999975000000000
0.4022942686363967 -0.4942130606768738
0.4020813334908771 -0.4884321059057298
0.4017265926540977 -0.4826581178237811
0.4012302598779135 -0.4768945743644976
0.4005926341955126 -0.4711449471734728
0.3998140997390097 -0.4654126994950602
0.3988951255167642 -0.4597012841085654
0.3978362651215990 -0.4540141412404997
0.3966381563865310 -0.4483546965291739
0.3953015209987514 -0.4427263588685733
0.3938271640998076 -0.4371325184424796
0.3922159737779030 -0.4315765446552245
0.3904689205260554 -0.4260617841063027
0.3885870566650090 -0.4205915585729976
0.3865715157090996 -0.4151691630106094
0.3844235116756315 -0.4097978635726558
0.3821443381355722 -0.4044808953352595
0.3797353679548591 -0.3992214613417939
0.3771980521259157 -0.3940227296067048
0.3745339189536900 -0.3888878315833868
0.3717445731148913 -0.3838198602793101
0.3688316947057813 -0.3788218684104584
0.3657970382296319 -0.3738968665393520
0.3626424315317506 -0.3690478212786518
0.3593697745746055 -0.3642776534457397
0.3559810385656502 -0.3595892365514235
0.3524782646274392 -0.3549853947353084
0.3488635625662404 -0.3504689012128082
0.3451391095456851 -0.3460424766197503
0.3413071488655201 -0.3417087873916191
0.3373699885635244 -0.3374704441097025
0.3333300000000000 -0.3333300000000000
0.3291896615360562 -0.3292899930244046
0.3249514232442570 -0.3253528119083268
0.3206178378743790 -0.3215208285002888
0.3161915156872565 -0.3177963512358547
0.3116751228110341 -0.3141816237723465
0.3070713796828838 -0.3106788236841538
0.3023830593922634 -0.3072900610608484
0.2976129859954242 -0.3040173772916276
0.2927640326661323 -0.3008627438375442
0.2878391202987236 -0.2978280611864885
0.2828412155005591 -0.2949151574361001
0.2777733288634969 -0.2921257873164442
0.2726385131333701 -0.2894616311411551
0.2674398613942629 -0.2869242937957937
0.2621805051878012 -0.2845153037567354
0.2568636126254317 -0.2822361121906422
0.2514923861038775 -0.2800880920202620
0.2460700614429865 -0.2780725374389866
0.2405999049431945 -0.2761906626107340
0.2350852117262529 -0.2744436011566216
0.2295293037454111 -0.2728324054799524
0.2239355277832544 -0.2713580461325422
0.2183072534372338 -0.2700214112225946
0.2126478710857317 -0.2688233058866289
0.2069607898729526 -0.2677644518272097
0.2012494355678620 -0.2668454868433192
0.1955172485932888 -0.2660669644479844
0.1897676819166815 -0.2654293535456682
0.1840041989780926 -0.2649330381590868
0.1782302715816081 -0.2645783171891841
0.1724493778262391 -0.2643654042373650
0.1666650000000000 -0.2642944274860192
0.1608806267578331 -0.2643654295732006
0.1550997382021155 -0.2645783676098528
0.1493258166038623 -0.2649331132450544
0.1435623400279822 -0.2654294526931643
0.1378127802524954 -0.2660670868674453
0.1320806006404665 -0.2668456315659350
0.1263692540890695 -0.2677646176944294
0.1206821809332148 -0.2688234915558855
0.1150228069938357 -0.2700216151636843
0.1093945411642594 -0.2713582666952777
0.1038007737055873 -0.2728326408550802
0.0982448740831866 -0.2744438493861525
0.0927301889581662 -0.2761909216000744
0.0872600401209529 -0.2780728049778411
0.0818377225407715 -0.2800883657895126
0.0764665023591356 -0.2822363897852533
0.0711496160016310 -0.2845155824523542
0.0658902649846996 -0.2869245711682030
0.0606916172513430 -0.2894619047041431
0.0555568041634850 -0.2921260545274264
0.0504889186384785 -0.2949154157108672
0.0454910132339855 -0.2978283079289208
0.0405660983623411 -0.3008629764426877
0.0357171404550745 -0.3040175931697956
0.0309470603096114 -0.3072902576933950
0.0262587309418797 -0.3106789986716687
0.0216549762489487 -0.3141817747679920
0.0171385691719798 -0.3177964759684738
0.0127122300459036 -0.3215209248376335
0.0083786249169066 -0.3253528778676105
0.0041403639823054 -0.3292900267935508
0.0000000000000000 -0.3333300000000000
-0.0041403602337683 -0.3373699674697741
-0.0083786192333441 -0.3413071086502142
-0.0127122240299847 -0.3451390519546925
-0.0171385642222045 -0.3488634891638479
-0.0216549735481834 -0.3524781768159714
-0.0262587314918226 -0.3559809375583831
-0.0309470649214827 -0.3593696614589885
-0.0357171497604136 -0.3626423072772224
-0.0405661126878733 -0.3657969036936161
-0.0454910328699088 -0.3688315504972462
-0.0504889437187570 -0.3717444197303509
-0.0555568346798064 -0.3745337567894236
-0.0606916530450428 -0.3771978814821197
-0.0658903057918862 -0.3797351890393425
-0.0711496614463120 -0.3821441510818956
-0.0764665519691341 -0.3844233165411213
-0.0818377746643127 -0.3865713125329706
-0.0872600941081393 -0.3885868451849767
-0.0927302440981345 -0.3904687004156356
-0.0982449296204863 -0.3922157446657235
-0.1038008288348436 -0.3938269255811104
-0.1093945950752680 -0.3953012726466587
-0.1150228588661406 -0.3966378977708255
-0.1206822299518083 -0.3978359958206157
-0.1263692993387465 -0.3988948451065639
-0.1320806413490097 -0.3998138078174531
-0.1378128156837318 -0.4005923304045085
-0.1435623694954334 -0.4012299439148345
-0.1493258394678880 -0.4017262642738945
-0.1550997539022941 -0.4020809925168626
-0.1608806348084970 -0.4022939149687095
-0.1666650000000000 -0.4023649033729119
-0.1724493651915030 -0.4022939149687095
-0.1782302460977059 -0.4020809925168626
-0.1840041605321121 -0.4017262642738945
-0.1897676305045666 -0.4012299439148346
-0.1955171843162682 -0.4005923304045085
-0.2012493586509903 -0.3998138078174531
-0.2069607006612535 -0.3988948451065639
-0.2126477700481917 -0.3978359958206157
-0.2183071411338594 -0.3966378977708255
-0.2239354049247321 -0.3953012726466587
-0.2295291711651564 -0.3938269255811104
-0.2350850703795137 -0.3922157446657235
-0.2405997559018656 -0.3904687004156356
-0.2460699058918607 -0.3885868451849767
-0.2514922253356873 -0.3865713125329706
-0.2568634480308659 -0.3844233165411213
-0.2621803385536880 -0.3821441510818956
-0.2674396942081138 -0.3797351890393425
-0.2726383469549572 -0.3771978814821197
-0.2777731653201936 -0.3745337567894236
-0.2828410562812431 -0.3717444197303509
-0.2878389671300912 -0.3688315504972462
-0.2927638873121267 -0.3657969036936161
-0.2976128502395864 -0.3626423072772224
-0.3023829350785173 -0.3593696614589885
-0.3070712685081774 -0.3559809375583831
-0.3116750264518166 -0.3524781768159714
-0.3161914357777955 -0.3488634891638479
-0.3206177759700154 -0.3451390519546925
-0.3249513807666559 -0.3413071086502142
-0.3291896397662317 -0.3373699674697741
-0.3333300000000000 -0.3333300000000000
-0.3373699674697741 -0.3291896397662317
-0.3413071086502142 -0.3249513807666559
-0.3451390519546925 -0.3206177759700154
-0.3488634891638479 -0.3161914357777955
-0.3524781768159714 -0.3116750264518167
-0.3559809375583831 -0.3070712685081774
-0.3593696614589885 -0.3023829350785173
-0.3626423072772224 -0.2976128502395864
-0.3657969036936161 -0.2927638873121267
-0.3688315504972462 -0.2878389671300912
-0.3717444197303509 -0.2828410562812431
-0.3745337567894236 -0.2777731653201936
-0.3771978814821197 -0.2726383469549572
-0.3797351890393425 -0.2674396942081138
-0.3821441510818956 -0.2621803385536880
-0.3844233165411213 -0.2568634480308659
-0.3865713125329706 -0.2514922253356873
-0.3885868451849767 -0.2460699058918607
-0.3904687004156356 -0.2405997559018656
-0.3922157446657235 -0.2350850703795137
-0.3938269255811104 -0.2295291711651564
-0.3953012726466587 -0.2239354049247321
-0.3966378977708255 -0.2183071411338594
-0.3978359958206157 -0.2126477700481917
-0.3988948451065639 -0.2069607006612535
-0.3998138078174531 -0.2012493586509903
-0.4005923304045085 -0.1955171843162682
-0.4012299439148345 -0.1897676305045666
-0.4017262642738945 -0.1840041605321121
-0.4020809925168626 -0.1782302460977059
-0.4022939149687095 -0.1724493651915030
-0.4023649033729119 -0.1666650000000000
-0.4022939149687095 -0.1608806348084970
-0.4020809925168626 -0.1550997539022941
-0.4017262642738945 -0.1493258394678880
-0.4012299439148345 -0.1435623694954334
-0.4005923304045085 -0.1378128156837318
-0.3998138078174531 -0.1320806413490097
-0.3988948451065639 -0.1263692993387465
-0.3978359958206157 -0.1206822299518083
-0.3966378977708255 -0.1150228588661406
-0.3953012726466587 -0.1093945950752680
-0.3938269255811104 -0.1038008288348436
-0.3922157446657235 -0.0982449296204863
-0.3904687004156356 -0.0927302440981345
-0.3885868451849767 -0.0872600941081393
-0.3865713125329706 -0.0818377746643127
-0.3844233165411213 -0.0764665519691341
-0.3821441510818956 -0.0711496614463120
-0.3797351890393425 -0.0658903057918862
-0.3771978814821197 -0.0606916530450428
-0.3745337567894236 -0.0555568346798064
-0.3717444197303509 -0.0504889437187570
-0.3688315504972462 -0.0454910328699088
-0.3657969036936161 -0.0405661126878733
-0.3626423072772224 -0.0357171497604136
-0.3593696614589885 -0.0309470649214827
-0.3559809375583831 -0.0262587314918226
-0.3524781768159714 -0.0216549735481834
-0.3488634891638479 -0.0171385642222045
-0.3451390519546925 -0.0127122240299847
-0.3413071086502142 -0.0083786192333441
-0.3373699674697741 -0.0041403602337683
-0.3333300000000000 0.0000000000000000
-0.3292900267935508 0.0041403639823054
-0.3253528778676105 0.0083786249169066
-0.3215209248376335 0.0127122300459036
-0.3177964759684738 0.0171385691719798
-0.3141817747679920 0.0216549762489487
-0.3106789986716687 0.0262587309418797
-0.3072902576933950 0.0309470603096114
-0.3040175931697956 0.0357171404550745
-0.3008629764426877 0.0405660983623411
-0.2978283079289208 0.0454910132339855
-0.2949154157108672 0.0504889186384785
-0.2921260545274264 0.0555568041634850
-0.2894619047041431 0.0606916172513430
-0.2869245711682030 0.0658902649846996
-0.2845155824523542 0.0711496160016310
-0.2822363897852533 0.0764665023591356
-0.2800883657895126 0.0818377225407715
-0.2780728049778411 0.0872600401209529
-0.2761909216000744 0.0927301889581662
-0.2744438493861525 0.0982448740831866
-0.2728326408550802 0.1038007737055873
-0.2713582666952777 0.1093945411642594
-0.2700216151636843 0.1150228069938357
-0.2688234915558855 0.1206821809332148
-0.2677646176944294 0.1263692540890695
-0.2668456315659350 0.1320806006404665
-0.2660670868674453 0.1378127802524954
-0.2654294526931643 0.1435623400279822
-0.2649331132450544 0.1493258166038623
-0.2645783676098528 0.1550997382021155
-0.2643654295732006 0.1608806267578331
-0.2642944274860192 0.1666650000000000
-0.2643654042373650 0.1724493778262391
-0.2645783171891841 0.1782302715816081
-0.2649330381590868 0.1840041989780926
-0.2654293535456682 0.1897676819166815
-0.2660669644479844 0.1955172485932888
-0.2668454868433192 0.2012494355678620
-0.2677644518272097 0.2069607898729526
-0.2688233058866289 0.2126478710857317
-0.2700214112225946 0.2183072534372338
-0.2713580461325422 0.2239355277832544
-0.2728324054799524 0.2295293037454111
-0.2744436011566216 0.2350852117262529
-0.2761906626107339 0.2405999049431945
-0.2780725374389866 0.2460700614429865
-0.2800880920202620 0.2514923861038775
-0.2822361121906422 0.2568636126254317
-0.2845153037567354 0.2621805051878012
-0.2869242937957937 0.2674398613942629
-0.2894616311411551 0.2726385131333701
-0.2921257873164442 0.2777733288634969
-0.2949151574361001 0.2828412155005591
-0.2978280611864885 0.2878391202987236
-0.3008627438375442 0.2927640326661323
-0.3040173772916276 0.2976129859954242
-0.3072900610608484 0.3023830593922634
-0.3106788236841538 0.3070713796828838
-0.3141816237723465 0.3116751228110341
-0.3177963512358547 0.3161915156872565
-0.3215208285002889 0.3206178378743790
-0.3253528119083268 0.3249514232442570
-0.3292899930244046 0.3291896615360562
-0.3333300000000000 0.3333300000000000
-0.3374704441097025 0.3373699885635244
-0.3417087873916191 0.3413071488655201
-0.3460424766197503 0.3451391095456851
-0.3504689012128082 0.3488635625662404
-0.3549853947353084 0.3524782646274392
-0.3595892365514235 0.3559810385656502
-0.3642776534457397 0.3593697745746055
-0.3690478212786518 0.3626424315317506
-0.3738968665393520 0.3657970382296319
-0.3788218684104584 0.3688316947057813
-0.3838198602793101 0.3717445731148913
-0.3888878315833868 0.3745339189536900
-0.3940227296067048 0.3771980521259157
-0.3992214613417939 0.3797353679548591
-0.4044808953352595 0.3821443381355722
-0.4097978635726558 0.3844235116756315
-0.4151691630106094 0.3865715157090996
-0.4205915585729976 0.3885870566650090
-0.4260617841063027 0.3904689205260554
-0.4315765446552245 0.3922159737779030
-0.4371325184424796 0.3938271640998076
-0.4427263588685734 0.3953015209987514
-0.4483546965291739 0.3966381563865310
-0.4540141412404997 0.3978362651215990
-0.4597012841085654 0.3988951255167642
-0.4654126994950602 0.3998140997390097
-0.4711449471734728 0.4005926341955126
-0.4768945743644976 0.4012302598779135
-0.4826581178237811 0.4017265926540977
-0.4884321059057298 0.4020813334908771
-0.4942130606768738 0.4022942686363967
-0.4999975000000000 0.4023652697580799
-0.5057819439070790 0.4022942939718434
-0.5115629038777304 0.4020813839107794
-0.5173368977577429 0.4017266677389405
-0.5231004475795466 0.4012303590239529
-0.5288500816714842 0.4005927566132192
-0.5345823367122194 0.3998142444596146
-0.5402937598521767 0.3988952913817640
-0.5459809107769320 0.3978364507884799
-0.5516403639001425 0.3966383603251482
-0.5572687100769569 0.3953017415589769
-0.5628625590063194 0.3938273994724487
-0.5684185411518204 0.3922162220050316
-0.5739333097924952 0.3904691795131379
-0.5794035429882435 0.3885873242018064
-0.5848259456312433 0.3865717894765461
-0.5901972514090590 0.3844237892687373
-0.5955142258513631 0.3821446168300053
-0.6007736650344445 0.3797356453264255
-0.6059724007754121 0.3771983256884168
-0.6111073014411674 0.3745341861645433
-0.6161752738575072 0.3717448313898771
-0.6211732651202709 0.3688319414487580
-0.6260982644874085 0.3657972708356112
-0.6309473051704191 0.3626426474109995
-0.6357174662550143 0.3593699712084083
-0.6404058740725195 0.3559812135545256
-0.6450097043241342 0.3524784156244674
-0.6495261836461337 0.3488636873001731
-0.6539525913004336 0.3451392058841738
-0.6582862607695723 0.3413072148256738
-0.6625245814087259 0.3373700223331590
-0.6666650000000000 0.3333300000000000
-0.6708416196517770 0.3292309188006126
-0.6750952575340733 0.3252118165176301
-0.6794258123916963 0.3212756821612705
-0.6838330655170385 0.3174256199623758
-0.6883168717093830 0.3136646779537212
-0.6928766766660941 0.3099962475646144
-0.6975119801722061 0.3064236513228650
-0.7022221203759262 0.3029503154966547
-0.7070078379013228 0.2995786575149907
-0.7118667286643821 0.2963133320594100
-0.7167977475604705 0.2931579337034058
-0.7217996383172905 0.2901161291410624
-0.7268711973993137 0.2871914558016542
-0.7320106150935454 0.2843877419380591
-0.7372161266653989 0.2817086734457390
-0.7424857002088123 0.2791579179925840
-0.7478314296709253 0.2767322018047944
-0.7532365258613344 0.2744418180644070
-0.7586985127825895 0.2722905390983591
-0.7642146522970598 0.2702821797742783
-0.7697822371092747 0.2684202989598919
-0.7753977817509300 0.2667084989757344
-0.7810578677992360 0.2651501758417671
-0.7867587648875341 0.2637484920497795
-0.7924978600946864 0.2625050419455989
-0.7982694193351649 0.2614222280687049
-0.8040693088226843 0.2605029927697253
-0.8098931023278914 0.2597499052508825
-0.8157361681595092 0.2591640708272582
-0.8215936576615290 0.2587464142479365
-0.8274607223808914 0.2584973399572950
-0.8333325000000000 0.2584154008629620
-0.8392206543950005 0.2584861060131809
-0.8451054702534591 0.2586965904773683
-0.8509835854354244 0.2590479185641146
-0.8568513389414733 0.2595430330046624
-0.8627052667078926 0.2601848580122108
-0.8685408496756343 0.2609763004051702
-0.8743535202845994 0.2619218499888681
-0.8801381844225399 0.2630258719246930
-0.8858939320168118 0.2642896798979328
-0.8916122280669232 0.2657133832537872
-0.8972871308274160 0.2673015616876306
-0.9029121109428733 0.2690583857481110
-0.9084813790741033 0.2709860807839499
-0.9139880946850421 0.2730858043012195
-0.9194259429919344 0.2753579793713059
-0.9247896235471880 0.2778000900688558
-0.9300658216506857 0.2803880913808941
-0.9352726160280808 0.2831130334958740
-0.9404069769013501 0.2859721058275800
-0.9454653074542569 0.2889636352344912
-0.9504446040833418 0.2920847986914359
-0.9553421796138493 0.2953326918806213
-0.9601548533671626 0.2987050934031503
-0.9648804900517940 0.3021984125425724
-0.9695211432859980 0.3057956598133205
-0.9740872554905667 0.3094870646546135
-0.9785779261710184 0.3132698652342430
-0.9829919235857484 0.3171418582879908
-0.9873336123884904 0.3210937044456865
-0.9916107170820976 0.3251153614616281
-0.9958294637211203 0.3291980630711980
-1.0000000000000000 0.3333300000000000
-1.0090470302261755 0.3424372775192653
-1.0180356464878254 0.3516022127305501
-1.0269638968881153 0.3608259755202210
-1.0358296411850519 0.3701098342692396
-1.0446304063073116 0.3794554799945908
-1.0533628583639712 0.3888649880496964
-1.0620221136365558 0.3983419318974590
-1.0706030590616783 0.4078898396358328
-1.0791030679720544 0.4175119133694824
-1.0875179447161120 0.4272085263758152
-1.0958431303034284 0.4369822856570757
-1.1040736798490381 0.4468358707776575
-1.1122044614554932 0.4567723036478686
-1.1202295199998184 0.4667943165732361
-1.1281425847821335 0.4769050399992042
-1.1359368281980756 0.4871076422171964
-1.1436299329671453 0.4974378284834301
-1.1511892212981001 0.5078663360090762
-1.1586051971604295 0.5183973281108254
-1.1658671965585358 0.5290350843300504
-1.1729641544995914 0.5397847266024925
-1.1798827171501716 0.5506500435261991
-1.1866086645045241 0.5616357936715260
-1.1931262366544121 0.5727464339474091
-1.1994299240962654 0.5839963460163265
-1.2054951550832239 0.5953765907411903
-1.2112959734920175 0.6068942126992005
-1.2168037718135593 0.6185547987663182
-1.2219955364692926 0.6303630491915766
-1.2268388196442321 0.6423184582784078
-1.2313012286438378 0.6544215737438159
-1.2353628799777345 0.6666650000000000
-1.2396933497047634 0.6811238347410321
-1.2436150735925500 0.6956988459545152
-1.2470678641438227 0.7103930923774613
-1.2499784573028009 0.7252042735589921
-1.2522636099200042 0.7401428418410669
-1.2538217252075881 0.7551746421840970
-1.2545370754676999 0.7702734137503028
-1.2542805236401454 0.7853869444418018
-1.2528926196466738 0.8007254533123285
-1.2502377907860474 0.8158960833449642
-1.2461910172044524 0.8307623119333088
-1.2406798783556848 0.8451501011120261
-1.2337072372202604 0.8588974854175071
-1.2253637151542724 0.8718587330110210
-1.2158041976171879 0.8839444510008494
-1.2052135281831887 0.8951376040781212
-1.1944546620958358 0.9049378643176404
-1.1831203111878634 0.9140664342901409
-1.1713233457061912 0.9225837534182522
-1.1591497786480937 0.9305535328874635
-1.1466834701708620 0.9380271667190476
-1.1339678406035445 0.9450682472046591
-1.1210476516031415 0.9517245926138844
-1.1079569835570596 0.9580390702740193
-1.0947700261489254 0.9640373278837632
-1.0814686860446536 0.9697774752222280
-1.0680685332103840 0.9752824270265058
-1.0545815642203279 0.9805711185291814
-1.0410238864359960 0.9856716075044383
-1.0274030006965423 0.9906008149826476
-1.0137244883620443 0.9953674282549618
-1.0000000000000000 1.0000000000000000
