1.0000000000000000 0.0000000000000000
0.6213525491562421 0.0881677878438710
0.2427050983124842 0.1763355756877419
0.2758610463437158 0.5636960459914477
0.3090169943749475 0.9510565162951535
0.1081559480312316 0.6181867355918498
-0.0927050983124842 0.2853169548885461
-0.4508610463437158 0.4365511035905097
-0.8090169943749473 0.5877852522924732
-0.5545084971874737 0.2938926261462366
-0.3000000000000000 0.0000000000000000
-0.5545084971874738 -0.2938926261462365
-0.8090169943749476 -0.5877852522924730
-0.4508610463437159 -0.4365511035905095
-0.0927050983124843 -0.2853169548885460
0.1081559480312315 -0.6181867355918498
0.3090169943749472 -0.9510565162951536
0.2758610463437157 -0.5636960459914478
0.2427050983124842 -0.1763355756877420
0.6213525491562421 -0.0881677878438710
1.0000000000000000 0.0000000000000000
