1.0000000000000000 0.0000000000000000
0.9985554592876794 0.0066313070834770
0.9949490638962979 0.0123806412871867
0.9902546046214162 0.0171621799386345
0.9849610371689738 0.0212706107078279
0.9794695070010559 0.0247928604137055
0.9737639622468727 0.0279567039044175
0.9679127709413231 0.0308375102781748
0.9619545705372369 0.0334899304941222
0.9560834148862921 0.0358870612086695
0.9501523710543043 0.0381319272187659
0.9441734305217661 0.0402452142037662
0.9381550492332820 0.0422434130024406
0.9321048521509237 0.0441394073263787
0.9260268717745765 0.0459443543495681
0.9199251737167612 0.0476671979647500
0.9138029136073367 0.0493154820615213
0.9077890912904752 0.0508637650264545
0.9017600818148145 0.0523518119815865
0.8957176018836962 0.0537840895990622
0.8896630644440586 0.0551645095654190
0.8835978141437015 0.0564964814319278
0.8775227760046760 0.0577830745566335
0.8714388660553557 0.0590269928312602
0.8653468645105109 0.0602306581182057
0.8592479986385437 0.0613961439257093
0.8531423427328525 0.0625255189976133
0.8470304406100961 0.0636205591650281
0.8409127667311106 0.0646828806026284
0.8347897829017711 0.0657139511564754
0.8286618396480399 0.0667151249378009
0.8225292856274791 0.0676876387019114
0.8163924305043466 0.0686326313125518
0.8103321276422652 0.0695392724125812
0.8042681595826442 0.0704210661732258
0.7982007543503345 0.0712788783919590
0.7921301175533217 0.0721135142014122
0.7860564518669964 0.0729257214316067
0.7799799201500872 0.0737162008730989
0.7739006851524863 0.0744856055391760
0.7678188952246454 0.0752345467717498
0.7617347584379723 0.0759635891138187
0.7556483338840698 0.0766732787115512
0.7495597419845854 0.0773641204895734
0.7434690935014726 0.0780365896233512
0.7373764984538564 0.0786911329274057
0.7312820484028421 0.0793281729001013
0.7251858351891458 0.0799481075922980
0.7190879439416217 0.0805513131151541
0.7129887592145724 0.0811381161525758
0.7068880529644082 0.0817088835207800
0.7007858970742479 0.0822639336571642
0.6946823586294262 0.0828035683616656
0.6885775046025840 0.0833280734723510
0.6824713922538941 0.0838377206889284
0.6763640791688317 0.0843327676018537
0.6702556194222985 0.0848134588644699
0.6641460843770115 0.0852800253868141
0.6580355035602661 0.0857326895795527
0.6519239240819846 0.0861716613547315
0.6458113904357014 0.0865971403340163
0.6396979471839650 0.0870093162180816
0.6335836333478729 0.0874083696798898
0.6274684882301631 0.0877944724364872
0.6213525491562421 0.0881677878438710
0.6152275093528608 0.0885385920556785
0.6091028823852816 0.0889161537916915
0.6029786919384674 0.0893007335839818
0.5968549637804477 0.0896926056194282
0.5907317237962667 0.0900920587922032
0.5846090033197356 0.0904993973582384
0.5784868341096886 0.0909149423418216
0.5723652509019573 0.0913390325452586
0.5662442707495828 0.0917720272991048
0.5601239542371862 0.0922143035371151
0.5540043447329756 0.0926662615271483
0.5478854899522181 0.0931283250301235
0.5417674377230607 0.0936009434199324
0.5356502476370500 0.0940845927481599
0.5295339801345155 0.0945797787151020
0.5234187021578646 0.0950870385821378
0.5173040595641663 0.0956069805554129
0.5111905586035393 0.0961401781816797
0.5050782854823825 0.0966872800385744
0.4989673364020697 0.0972489778997580
0.4928578074931473 0.0978260114630620
0.4867498230210304 0.0984191698824721
0.4806435091556601 0.0990292988149557
0.4745390079042269 0.0996573042352482
0.4684363543495442 0.1003041713078557
0.4623358422951561 0.1009709322038067
0.4562376619630969 0.1016587105869543
0.4501420295586239 0.1023687162602957
0.4440491601032241 0.1031022572408674
0.4379593453305873 0.1038607403360632
0.4318728819237591 0.1046456906379722
0.4257901109110852 0.1054587592614603
0.4196158295436882 0.1063152471946304
0.4134462014980371 0.1072046356147066
0.4072817324211867 0.1081291505182078
0.4011230126290749 0.1090912198132649
0.3949706241117614 0.1100935135565450
0.3888254157799096 0.1111389281986502
0.3826882531327862 0.1122306586003998
0.3765601623340745 0.1133722118361691
0.3704408347965695 0.1145677483532004
0.3643331200333853 0.1158212623923733
0.3582385808832691 0.1171374709300096
0.3521591029054873 0.1185215807105228
0.3460965161102950 0.1199794525491517
0.3400537491208112 0.1215174109549323
0.3340337891846548 0.1231425770894607
0.3280403064595602 0.1248628234153511
0.3219956705293553 0.1267128066604342
0.3159880308632544 0.1286796130001899
0.3100236856997689 0.1307744813836832
0.3041105081571729 0.1330097035478295
0.2982559212305712 0.1353995905301690
0.2924730432050150 0.1379581193283321
0.2867749944410512 0.1407011537010787
0.2811780849957532 0.1436450629978666
0.2756715037687532 0.1468246928012236
0.2703086873989728 0.1502412236557545
0.2651147268738162 0.1539104785331037
0.2601186545139195 0.1578449312608045
0.2553467534279500 0.1620571944757492
0.2508348148983027 0.1665468060481390
0.2466122176317390 0.1713101863395307
0.2427050983124842 0.1763355756877419
0.2391330352946480 0.1816043976882100
0.2359076457446975 0.1870922917949762
0.2330320370863781 0.1927707666087314
0.2305005352384955 0.1986107751498570
0.2283025195980954 0.2045781350800432
0.2264178729074307 0.2106517471966673
0.2248257603710799 0.2168078547466976
0.2235033799072400 0.2230274843502030
0.2224330959217227 0.2292601795518733
0.2215851091099425 0.2355269901963420
0.2209388112106150 0.2418174629047174
0.2204750604782173 0.2481240216436567
0.2201765102250571 0.2544385093124775
0.2200272560139902 0.2607582885771221
0.2200131747811811 0.2670796700127495
0.2201216313881507 0.2734001366648423
0.2203376679278267 0.2796318628150571
0.2206523130112499 0.2858593888944264
0.2210569453404399 0.2920816571002562
0.2215438691779762 0.2982980269511858
0.2221061645640140 0.3045076675418872
0.2227376920277612 0.3107106495206921
0.2234329169911569 0.3169067885866826
0.2241868703994011 0.3230960560177296
0.2249948729556996 0.3292769760541292
0.2258530631982824 0.3354511278286555
0.2267577885991946 0.3416186191472334
0.2277057432112533 0.3477796141374331
0.2286939100184177 0.3539342004896958
0.2297195698010765 0.3600826497914692
0.2307802310637241 0.3662251508838069
0.2318736205043327 0.3723619107385361
0.2329800259075768 0.3783982217695217
0.2341143144363296 0.3844293554368074
0.2352748104034843 0.3904554976257157
0.2364599716801686 0.3964768374532765
0.2376683701623755 0.4024935321916556
0.2388986954066853 0.4085057815427597
0.2401497300109756 0.4145137537328562
0.2414203465255751 0.4205176150812663
0.2427094725072132 0.4265174051226037
0.2440161601675812 0.4325133949237049
0.2453395039908683 0.4385057293892955
0.2466786607208491 0.4444945498470054
0.2480328414273579 0.4504799819753946
0.2494013129099798 0.4564621629280811
0.2507833875250069 0.4624412149819388
0.2521784217992100 0.4684172565713224
0.2535857138173225 0.4743899834594509
0.2550047945771107 0.4803599204023017
0.2564351324262975 0.4863271697567587
0.2578762277382319 0.4922918303106380
0.2593276093461516 0.4982539924970409
0.2607888350903785 0.5042137496928660
0.2622594872055004 0.5101711874675229
0.2637391716126488 0.5161263882649657
0.2652275111048424 0.5220794109447315
0.2667241586687355 0.5280303503276627
0.2682287813502249 0.5339792780736906
0.2697410640230505 0.5399262631803294
0.2712607076399459 0.5458713698676074
0.2727874294473070 0.5518146627905935
0.2743209607151573 0.5577562021708404
0.2758610463437158 0.5636960459914477
0.2773959314032935 0.5696280105061080
0.2789184096251133 0.5755631714317601
0.2804283141142048 0.5815015437496119
0.2819254694127382 0.5874431431440242
0.2834096916323329 0.5933879883347435
0.2848807865863417 0.5993360955610001
0.2863385506740200 0.6052874841934151
0.2877827696993824 0.6112421742941798
0.2892132230128791 0.6172002065098428
0.2906296689537225 0.6231615843255528
0.2920318581326927 0.6291263319150629
0.2934195277718179 0.6350944741111602
0.2947924017749535 0.6410660404160113
0.2961501875982596 0.6470410554636700
0.2974925774824305 0.6530195487135010
0.2988192463623992 0.6590015502031632
0.3001299158445569 0.6649873901674435
0.3014241564002311 0.6709768038243454
0.3027015840201911 0.6769698264362570
0.3039617917552308 0.6829664936619471
0.3052043494915898 0.6889668489808046
0.3064287982856273 0.6949709258317042
0.3076346519912937 0.7009787657110625
0.3088213931843978 0.7069904101213772
0.3099884841887575 0.7130059716316420
0.3111353237944746 0.7190254268075691
0.3122612847380295 0.7250488234745348
0.3133656956743974 0.7310762086403971
0.3144478397860385 0.7371076439734922
0.3155069432141979 0.7431431678102547
0.3165421766958782 0.7491828334055359
0.3175526463451965 0.7552266914409485
0.3185502974900611 0.7613552062716095
0.3195204453487927 0.7674881350147697
0.3204619111060876 0.7736255350904699
0.3213734107966402 0.7797674570840713
0.3222535482656606 0.7859139860689564
0.3231007848027239 0.7920651364310165
0.3239134367179126 0.7982209563566218
0.3246896470468881 0.8043814774073878
0.3254274253394158 0.8105472682030979
0.3261244203251802 0.8167178022914252
0.3267780875765431 0.8228930860406669
0.3273855724713262 0.8290730838045632
0.3279436700290260 0.8352578643186623
0.3284487220546672 0.8414472023561979
0.3288965716886625 0.8476409629023939
0.3292824403828555 0.8538388935529518
0.3296067114697115 0.8601708567219342
0.3298537182173448 0.8665063043760265
0.3300153108171417 0.8728445665229776
0.3300817267782681 0.8791845403503596
0.3300411088867056 0.8855258384792513
0.3298788477617308 0.8918651904256194
0.3295766466530860 0.8981996500576781
0.3291111267393670 0.9045242050262255
0.3284297103897915 0.9110104332688755
0.3274980182665988 0.9174654650151027
0.3262521345894286 0.9238694419387548
0.3245992522016443 0.9301806325069329
0.3223277046505303 0.9364846892549199
0.3192308588534933 0.9424269620413364
0.3148773545590689 0.9476334898539340
0.3090169943749475 0.9510565162951535
0.3022638589324789 0.9517318630213608
0.2956814797093098 0.9500786191593380
0.2896832985215937 0.9470914997780376
0.2841401463631300 0.9433265928858380
0.2790933116813271 0.9391922723527566
0.2743212074217380 0.9347436582414496
0.2697732801970378 0.9300690627492117
0.2654094934859537 0.9252221203524646
0.2613153998267098 0.9203790736409837
0.2573476120411311 0.9154320175033540
0.2534901624503333 0.9103987487416989
0.2497299803652311 0.9052924053866671
0.2460571688908248 0.9001242204939557
0.2424623630350842 0.8949014769552287
0.2389383129938984 0.8896308052126195
0.2354788192451624 0.8843175376385577
0.2321479413452323 0.8790764984845310
0.2288696582047742 0.8738024015334623
0.2256402522566451 0.8684982597448524
0.2224564398904901 0.8631666256887109
0.2193153939493770 0.8578098318103756
0.2162144811478703 0.8524297063418939
0.2131514130004611 0.8470279560265132
0.2101241272787578 0.8416060712892137
0.2071310312060307 0.8361658600808905
0.2041701802478909 0.8307080323357687
0.2012400535371781 0.8252336540162174
0.1983392606168980 0.8197436757867470
0.1954665481883529 0.8142389904402221
0.1926207367337112 0.8087203497900263
0.1898007577698914 0.8031884676076136
0.1870056238646262 0.7976439903294458
0.1842706203630600 0.7921604673094489
0.1815581154772007 0.7866657802293138
0.1788673562482738 0.7811604134996933
0.1761976404860051 0.7756448114650680
0.1735483195919201 0.7701193979733744
0.1709187774007083 0.7645845444686589
0.1683084431523102 0.7590406075274702
0.1657167812688274 0.7534879171545123
0.1631433191355640 0.7479268456908340
0.1605875555969567 0.7423576181043366
0.1580490476534855 0.7367805049531031
0.1555273776137529 0.7311957584153055
0.1530221545296765 0.7256036211986297
0.1505330048753712 0.7200043109420363
0.1480595784623148 0.7143980379957172
0.1456015438938021 0.7087849995467636
0.1431587093087901 0.7031656622789296
0.1407306553749806 0.6975399226623182
0.1383171014535172 0.6919079474644052
0.1359177812461114 0.6862698937484450
0.1335324436002913 0.6806259135380242
0.1311608478086458 0.6749761452506308
0.1288027666829837 0.6693207232531343
0.1264579842542123 0.6636597745758632
0.1241263029661286 0.6579934384439202
0.1218075204180552 0.6523218116681076
0.1195014515295396 0.6466450039190134
0.1172079201983540 0.6409631191989908
0.1149267597790206 0.6352762585102738
0.1126578104995236 0.6295845147951477
0.1104009211924607 0.6238879784962229
0.1081559480312316 0.6181867355918498
0.1059105508788543 0.6124760613773112
0.1036588545123266 0.6067678679827717
0.1014006184699791 0.6010622584428074
0.0991355899473535 0.5953593419926758
0.0968635021886830 0.5896592325237260
0.0945840755120613 0.5839620538564366
0.0922970144192672 0.5782679353972142
0.0900020074241223 0.5725770148774684
0.0876987180526397 0.5668894195548529
0.0853868065411933 0.5612053235277028
0.0830659056139411 0.5555248917312053
0.0807356269951279 0.5498483004946019
0.0783955580844961 0.5441757341693327
0.0760452645448842 0.5385073965383564
0.0736842841038197 0.5328435013538278
0.0713121264817083 0.5271842783046562
0.0689281038039480 0.5215295785269343
0.0665318270350525 0.5158800607288302
0.0641227059802770 0.5102360073190128
0.0617001124516327 0.5045977235602432
0.0592633726606493 0.4989655294573047
0.0568117744774116 0.4933397870556226
0.0543445526230061 0.4877208776723160
0.0518608893468922 0.4821092163258385
0.0493598585431325 0.4765051408145031
0.0468405693490323 0.4709092495204736
0.0443020118786035 0.4653220705868821
0.0417431023519209 0.4597441834868333
0.0391626632161520 0.4541761969174067
0.0365594466686259 0.4486188230612216
0.0339320939406764 0.4430728153599953
0.0312791401123054 0.4375390083735113
0.0285566138117576 0.4319315871724354
0.0258042352442481 0.4263387583529053
0.0230200436148157 0.4207616906846016
0.0202019122632683 0.4152016958562167
0.0173474816596328 0.4096601524660755
0.0144542594435114 0.4041387629286554
0.0115194745756858 0.3986393376489620
0.0085401087322349 0.3931639363122352
0.0055121097340078 0.3877135510835053
0.0024325593801662 0.3822921262990988
-0.0007025454966254 0.3769026059328359
-0.0038975741347131 0.3715483922306528
-0.0071575349963519 0.3662330367272372
-0.0104875380527589 0.3609612790894633
-0.0138934328207931 0.3557381609185979
-0.0173815723162108 0.3505696054668055
-0.0210089061637267 0.3453924913387919
-0.0247359129023481 0.3402866630704223
-0.0285713351450852 0.3352615836687341
-0.0325244301010823 0.3303285392697628
-0.0366065145442106 0.3254990119151803
-0.0408268276161267 0.3207897969652651
-0.0451964022335909 0.3162182747954630
-0.0497257664882577 0.3118050155990044
-0.0544514013121957 0.3075505052856158
-0.0593579166404950 0.3035059299272983
-0.0644526074719318 0.2997000420382624
-0.0697383656410019 0.2961643076209249
-0.0752190645509663 0.2929276209161961
-0.0808832045757579 0.2900238786504627
-0.0867183027572472 0.2874799154651179
-0.0927050983124842 0.2853169548885461
-0.0988198739867183 0.2835478766172973
-0.1050358716221101 0.2821762014105474
-0.1113250340409423 0.2811960802773185
-0.1176614893114865 0.2805931408353791
-0.1240160100449543 0.2803467193676376
-0.1303747462817267 0.2804311632128453
-0.1367215423128866 0.2808193160626329
-0.1430453996125986 0.2814836287516773
-0.1493037809385609 0.2823917369310400
-0.1555259143742166 0.2835218045376347
-0.1617082264684148 0.2848510016785513
-0.1678494271099459 0.2863587823489239
-0.1739471188563448 0.2880261281856510
-0.1800037081952338 0.2898370981891049
-0.1860200505418142 0.2917771204324195
-0.1919976566026073 0.2938334004030900
-0.1978576214033702 0.2959645726466139
-0.2036831199835781 0.2981882292949620
-0.2094758104406755 0.3004958441275021
-0.2152374617543378 0.3028799001433878
-0.2209694220718309 0.3053335593058490
-0.2266736557845224 0.3078510044627174
-0.2323516978905006 0.3104269149653475
-0.2380050565957769 0.3130565560861660
-0.2436337743516994 0.3157350215146369
-0.2492405462600930 0.3184591267612451
-0.2548266035436958 0.3212254313793408
-0.2603931238909647 0.3240308419445220
-0.2659411230096944 0.3268725162018595
-0.2714716994799678 0.3297479519449598
-0.2769858028147524 0.3326548379758817
-0.2824843323449130 0.3355910762137301
-0.2878833072130455 0.3385086529740571
-0.2932687417560554 0.3414511482692244
-0.2986413305771834 0.3444170258678136
-0.3040017300814421 0.3474048775584880
-0.3093505311519575 0.3504133937333975
-0.3146883286658161 0.3534413897980717
-0.3200156588136507 0.3564877599190645
-0.3253330281756439 0.3595514832235162
-0.3306408057546442 0.3626315519741334
-0.3359395422332270 0.3657271485349280
-0.3412296552437501 0.3688374564872104
-0.3465115397772813 0.3719617175192918
-0.3517855591540622 0.3750992201508083
-0.3570520703863238 0.3782493094495261
-0.3623114022598756 0.3814113692130483
-0.3675638662566454 0.3845848240601951
-0.3728093899340063 0.3877689124155431
-0.3780486172942106 0.3909633503899765
-0.3832818099740286 0.3941676639821493
-0.3885092163193823 0.3973814085459936
-0.3937310679357990 0.4006041639206547
-0.3989475902648411 0.4038355384423382
-0.4041589937844653 0.4070751612349284
-0.4093654786805989 0.4103226829837323
-0.4145672174953558 0.4135777631321896
-0.4197644076417372 0.4168401009522483
-0.4249572201608638 0.4201094019298756
-0.4301458180526409 0.4233853876835927
-0.4353303548046325 0.4266677936476285
-0.4405109792831318 0.4299563708868403
-0.4456878318043688 0.4332508824333160
-0.4508610463437158 0.4365511035905097
-0.4560283742819933 0.4398439438732442
-0.4612025761114871 0.4431259722974001
-0.4663837176535545 0.4463970347658758
-0.4715718680443603 0.4496569692550931
-0.4767671019120761 0.4529056066615291
-0.4819694947081018 0.4561427673209058
-0.4871791277710829 0.4593682635832595
-0.4923960863714968 0.4625818979356604
-0.4976204773509691 0.4657834730883907
-0.5028523787013635 0.4689727602853538
-0.5080918904787924 0.4721495298134076
-0.5133391175034990 0.4753135394296028
-0.5185941731521117 0.4784645356675730
-0.5238571712540262 0.4816022479139340
-0.5291282349296187 0.4847263925756371
-0.5344074931970306 0.4878366697795793
-0.5396953461565640 0.4909329168058658
-0.5449916747172351 0.4940146433263173
-0.5502966310809462 0.4970814950231297
-0.5556103749154224 0.5001330958837742
-0.5609330804844811 0.5031690502816266
-0.5662649214117665 0.5061889320685268
-0.5716060873901072 0.5091922917152048
-0.5769567777835924 0.5121786499469887
-0.5823172658027748 0.5151475301891741
-0.5876877149443979 0.5180983534155765
-0.5930683645281853 0.5210305378419920
-0.5984594667182881 0.5239434595075872
-0.6038613016735812 0.5268364557349338
-0.6092741449896868 0.5297088023872301
-0.6146983035713375 0.5325597272451526
-0.6201341018455401 0.5353883958341873
-0.6256543746522309 0.5382310336894533
-0.6311873443219827 0.5410488783391969
-0.6367334297384615 0.5438408264072103
-0.6422930757783045 0.5466056724016595
-0.6478667947866630 0.5493421147895546
-0.6534550759330036 0.5520486946158041
-0.6590584853340854 0.5547238254865481
-0.6646776268403271 0.5573657510768271
-0.6703136563242279 0.5599727540691518
-0.6759667996823576 0.5625424355898511
-0.6816378492427080 0.5650723777123517
-0.6873276532304370 0.5675598545143292
-0.6930372674103778 0.5700018391186436
-0.6987676080235629 0.5723947827762275
-0.7045198312035653 0.5747346903568228
-0.7102951735522210 0.5770169391938491
-0.7162170231083996 0.5792820235510214
-0.7221660626007270 0.5814747019200144
-0.7281441732580692 0.5835870163332476
-0.7341533230190559 0.5856093413224163
-0.7401968075450770 0.5875302803001931
-0.7462760309679024 0.5893349282846962
-0.7523938453564706 0.5910049736275762
-0.7585527081365337 0.5925166328473082
-0.7649320470051474 0.5938729221441080
-0.7713590557098806 0.5949815447879786
-0.7778345989225837 0.5957755766992536
-0.7843476665855584 0.5961538572739878
-0.7910451276316509 0.5959415478420585
-0.7976535428670187 0.5948325357430397
-0.8039505518825231 0.5923010126908870
-0.8090169943749473 0.5877852522924732
-0.8117461208967039 0.5815713324399833
-0.8122078595920820 0.5748002373378513
-0.8112204801618890 0.5681725573803064
-0.8093527691481896 0.5617372861872549
-0.8069803543492276 0.5556598858715464
-0.8042241322253286 0.5497466476572143
-0.8011837145230047 0.5439767823855970
-0.7979224826260237 0.5383287870269469
-0.7945816160096170 0.5329384888356010
-0.7911027998892635 0.5276361739881957
-0.7875078943137277 0.5224121558339794
-0.7838134333577252 0.5172580632836683
-0.7800331586008207 0.5121679550358907
-0.7761768904262784 0.5071351749912441
-0.7722531750719713 0.5021548770955861
-0.7682689996831334 0.4972228130467219
-0.7643137731208046 0.4924353897482312
-0.7603108540506927 0.4876877716173766
-0.7562642567589892 0.4829773540933914
-0.7521774235754378 0.4783018030647626
-0.7480534464269134 0.4736591505107152
-0.7438948777953687 0.4690474569827489
-0.7397040480710045 0.4644650734144764
-0.7354830119958296 0.4599104990767955
-0.7312339812284015 0.4553827778365700
-0.7269582318504635 0.4508802797134386
-0.7226572476262715 0.4464018876772656
-0.7183323623663442 0.4419465730963556
-0.7139848124577498 0.4375134199009827
-0.7096156774085610 0.4331015386261394
-0.7052259662352005 0.4287101336515378
-0.7008165988686291 0.4243384656331383
-0.6964466211298656 0.4200428209286584
-0.6920590732843558 0.4157651237949452
-0.6876546487110654 0.4115048078167738
-0.6832339869954359 0.4072613424815041
-0.6787976916687605 0.4030342419115457
-0.6743463064008720 0.3988230348813878
-0.6698803466907791 0.3946272887541700
-0.6654002918942781 0.3904465961421038
-0.6609066421747226 0.3862806226216146
-0.6563997663548871 0.3821289610843432
-0.6518800586451794 0.3779912738197547
-0.6473478879550337 0.3738672415070646
-0.6428036059227776 0.3697565673333513
-0.6382475349612091 0.3656589633085251
-0.6336799833394533 0.3615741613852941
-0.6291012410007923 0.3575019073208247
-0.6245118110761742 0.3534421628576327
-0.6199117246836221 0.3493944971945058
-0.6153012271506068 0.3453586949620149
-0.6106805501438563 0.3413345514306525
-0.6060499158567755 0.3373218747180953
-0.6014095303148989 0.3333204786713474
-0.5967595915137253 0.3293301887432455
-0.5921002870043963 0.3253508387895070
-0.5874318102460771 0.3213822839459403
-0.5827543158565612 0.3174243616342456
-0.5780679653317809 0.3134769297225278
-0.5733729120024333 0.3095398528661103
-0.5686693034236359 0.3056130037871323
-0.5639572773610227 0.3016962592541226
-0.5592369665439238 0.2977895034466421
-0.5545084971874737 0.2938926261462366
-0.5497711891425037 0.2899924311711664
-0.5450381870617833 0.2860870119029705
-0.5403096632437599 0.2821761714884466
-0.5355857996982107 0.2782597032518181
-0.5308667871743108 0.2743373886876369
-0.5261528298587951 0.2704090000652360
-0.5214441421384423 0.2664742963378853
-0.5167409512581294 0.2625330238259712
-0.5120434822232574 0.2585849018484936
-0.5073520056039169 0.2546296610703863
-0.5026667917572693 0.2506670031593421
-0.4979881283661955 0.2466966133319061
-0.4933163182598256 0.2427181561496428
-0.4886516894648342 0.2387312815057619
-0.4839945881216513 0.2347356158060642
-0.4793453841821374 0.2307307637447236
-0.4747041486332455 0.2267160251126399
-0.4700716281622477 0.2226912334670973
-0.4654482737359551 0.2186559147686157
-0.4608345697972701 0.2146095659062960
-0.4562310289009147 0.2105516449561392
-0.4516382154327962 0.2064815865205382
-0.4470567285312351 0.2023987806094654
-0.4424872156010502 0.1983025777436957
-0.4379302840900015 0.1941922015295620
-0.4333867783850575 0.1900669896165512
-0.4288575128521184 0.1859261447512167
-0.4243433735092712 0.1817688152646355
-0.4198453031456769 0.1775940693352552
-0.4153643646794874 0.1734009403087469
-0.4109016945589667 0.1691883687456114
-0.4064585391828102 0.1649552193172946
-0.4019668716044174 0.1606331544926228
-0.3974983070633938 0.1562872077688171
-0.3930545630447256 0.1519158754887461
-0.3886375442126318 0.1475175404124735
-0.3842492908268929 0.1430903845039538
-0.3798921921616104 0.1386325634625949
-0.3755688263124721 0.1341420013194044
-0.3712820848699336 0.1296164639554913
-0.3670341636312336 0.1250524041153245
-0.3628297156567902 0.1204482652919373
-0.3586727778788268 0.1158011499848908
-0.3545679361944125 0.1111079541533980
-0.3505201160137074 0.1063650119513695
-0.3465354040957241 0.1015689281449928
-0.3426204028883182 0.0967156974536123
-0.3387827089288927 0.0918011081857757
-0.3349798886049955 0.0867514924459429
-0.3312756657796626 0.0816291106956148
-0.3276817419233960 0.0764285724457112
-0.3242117114243619 0.0711445611749883
-0.3208799914285608 0.0657698621379194
-0.3177054103246142 0.0603008784403797
-0.3147079071906220 0.0547324879863717
-0.3119102988021370 0.0490610345050093
-0.3093243205147507 0.0432519727224912
-0.3069938973841818 0.0373357568264598
-0.3049486289550255 0.0313143338763148
-0.3032193347999266 0.0251946771035066
-0.3018346919224195 0.0189820314941047
-0.3008233844451321 0.0126978085069220
-0.3002070761824215 0.0063621725008588
-0.3000000000000000 0.0000000000000000
-0.3002070761824215 -0.0063621725008587
-0.3008233844451321 -0.0126978085069219
-0.3018346919224195 -0.0189820314941046
-0.3032193347999266 -0.0251946771035066
-0.3049486289550256 -0.0313143338763147
-0.3069938973841818 -0.0373357568264597
-0.3093243205147508 -0.0432519727224911
-0.3119102988021370 -0.0490610345050093
-0.3147079071906220 -0.0547324879863716
-0.3177054103246142 -0.0603008784403796
-0.3208799914285608 -0.0657698621379193
-0.3242117114243620 -0.0711445611749882
-0.3276817419233960 -0.0764285724457111
-0.3312756657796627 -0.0816291106956147
-0.3349798886049956 -0.0867514924459428
-0.3387827089288927 -0.0918011081857756
-0.3426204028883182 -0.0967156974536123
-0.3465354040957241 -0.1015689281449927
-0.3505201160137074 -0.1063650119513694
-0.3545679361944125 -0.1111079541533979
-0.3586727778788268 -0.1158011499848907
-0.3628297156567903 -0.1204482652919372
-0.3670341636312336 -0.1250524041153244
-0.3712820848699336 -0.1296164639554912
-0.3755688263124722 -0.1341420013194043
-0.3798921921616104 -0.1386325634625948
-0.3842492908268930 -0.1430903845039537
-0.3886375442126318 -0.1475175404124734
-0.3930545630447256 -0.1519158754887460
-0.3974983070633939 -0.1562872077688170
-0.4019668716044174 -0.1606331544926227
-0.4064585391828103 -0.1649552193172945
-0.4109016945589668 -0.1691883687456113
-0.4153643646794874 -0.1734009403087468
-0.4198453031456769 -0.1775940693352551
-0.4243433735092712 -0.1817688152646354
-0.4288575128521184 -0.1859261447512165
-0.4333867783850576 -0.1900669896165511
-0.4379302840900016 -0.1941922015295619
-0.4424872156010502 -0.1983025777436956
-0.4470567285312352 -0.2023987806094653
-0.4516382154327963 -0.2064815865205380
-0.4562310289009148 -0.2105516449561391
-0.4608345697972701 -0.2146095659062959
-0.4654482737359552 -0.2186559147686156
-0.4700716281622478 -0.2226912334670972
-0.4747041486332456 -0.2267160251126398
-0.4793453841821375 -0.2307307637447235
-0.4839945881216514 -0.2347356158060641
-0.4886516894648343 -0.2387312815057618
-0.4933163182598256 -0.2427181561496427
-0.4979881283661956 -0.2466966133319060
-0.5026667917572694 -0.2506670031593419
-0.5073520056039170 -0.2546296610703862
-0.5120434822232575 -0.2585849018484935
-0.5167409512581295 -0.2625330238259710
-0.5214441421384424 -0.2664742963378851
-0.5261528298587952 -0.2704090000652359
-0.5308667871743109 -0.2743373886876368
-0.5355857996982108 -0.2782597032518180
-0.5403096632437600 -0.2821761714884465
-0.5450381870617835 -0.2860870119029703
-0.5497711891425038 -0.2899924311711663
-0.5545084971874738 -0.2938926261462365
-0.5592369665439238 -0.2977895034466420
-0.5639572773610227 -0.3016962592541225
-0.5686693034236359 -0.3056130037871322
-0.5733729120024334 -0.3095398528661102
-0.5780679653317810 -0.3134769297225277
-0.5827543158565613 -0.3174243616342455
-0.5874318102460772 -0.3213822839459402
-0.5921002870043964 -0.3253508387895069
-0.5967595915137254 -0.3293301887432454
-0.6014095303148990 -0.3333204786713473
-0.6060499158567756 -0.3373218747180952
-0.6106805501438564 -0.3413345514306524
-0.6153012271506069 -0.3453586949620148
-0.6199117246836222 -0.3493944971945056
-0.6245118110761743 -0.3534421628576325
-0.6291012410007924 -0.3575019073208246
-0.6336799833394535 -0.3615741613852940
-0.6382475349612092 -0.3656589633085249
-0.6428036059227777 -0.3697565673333511
-0.6473478879550339 -0.3738672415070645
-0.6518800586451796 -0.3779912738197546
-0.6563997663548872 -0.3821289610843430
-0.6609066421747228 -0.3862806226216145
-0.6654002918942782 -0.3904465961421036
-0.6698803466907792 -0.3946272887541698
-0.6743463064008722 -0.3988230348813877
-0.6787976916687606 -0.4030342419115455
-0.6832339869954361 -0.4072613424815039
-0.6876546487110655 -0.4115048078167736
-0.6920590732843560 -0.4157651237949451
-0.6964466211298658 -0.4200428209286582
-0.7008165988686293 -0.4243384656331381
-0.7052259662352006 -0.4287101336515377
-0.7096156774085612 -0.4331015386261392
-0.7139848124577500 -0.4375134199009825
-0.7183323623663443 -0.4419465730963554
-0.7226572476262717 -0.4464018876772654
-0.7269582318504636 -0.4508802797134384
-0.7312339812284017 -0.4553827778365699
-0.7354830119958297 -0.4599104990767953
-0.7397040480710047 -0.4644650734144761
-0.7438948777953689 -0.4690474569827487
-0.7480534464269136 -0.4736591505107150
-0.7521774235754379 -0.4783018030647624
-0.7562642567589895 -0.4829773540933911
-0.7603108540506929 -0.4876877716173764
-0.7643137731208048 -0.4924353897482310
-0.7682689996831336 -0.4972228130467217
-0.7722531750719715 -0.5021548770955859
-0.7761768904262785 -0.5071351749912439
-0.7800331586008209 -0.5121679550358906
-0.7838134333577254 -0.5172580632836681
-0.7875078943137279 -0.5224121558339791
-0.7911027998892638 -0.5276361739881954
-0.7945816160096173 -0.5329384888356008
-0.7979224826260239 -0.5383287870269467
-0.8011837145230049 -0.5439767823855968
-0.8042241322253288 -0.5497466476572140
-0.8069803543492278 -0.5556598858715461
-0.8093527691481898 -0.5617372861872547
-0.8112204801618893 -0.5681725573803061
-0.8122078595920822 -0.5748002373378511
-0.8117461208967041 -0.5815713324399830
-0.8090169943749476 -0.5877852522924730
-0.8039505518825233 -0.5923010126908868
-0.7976535428670189 -0.5948325357430395
-0.7910451276316511 -0.5959415478420583
-0.7843476665855586 -0.5961538572739876
-0.7778345989225839 -0.5957755766992534
-0.7713590557098808 -0.5949815447879784
-0.7649320470051476 -0.5938729221441077
-0.7585527081365339 -0.5925166328473079
-0.7523938453564708 -0.5910049736275759
-0.7462760309679026 -0.5893349282846960
-0.7401968075450773 -0.5875302803001929
-0.7341533230190561 -0.5856093413224161
-0.7281441732580695 -0.5835870163332474
-0.7221660626007272 -0.5814747019200142
-0.7162170231083998 -0.5792820235510213
-0.7102951735522212 -0.5770169391938489
-0.7045198312035655 -0.5747346903568226
-0.6987676080235631 -0.5723947827762273
-0.6930372674103780 -0.5700018391186433
-0.6873276532304372 -0.5675598545143290
-0.6816378492427082 -0.5650723777123515
-0.6759667996823578 -0.5625424355898509
-0.6703136563242281 -0.5599727540691516
-0.6646776268403273 -0.5573657510768269
-0.6590584853340856 -0.5547238254865479
-0.6534550759330038 -0.5520486946158039
-0.6478667947866632 -0.5493421147895544
-0.6422930757783047 -0.5466056724016594
-0.6367334297384617 -0.5438408264072101
-0.6311873443219829 -0.5410488783391967
-0.6256543746522311 -0.5382310336894531
-0.6201341018455403 -0.5353883958341872
-0.6146983035713377 -0.5325597272451524
-0.6092741449896870 -0.5297088023872299
-0.6038613016735813 -0.5268364557349336
-0.5984594667182883 -0.5239434595075871
-0.5930683645281855 -0.5210305378419918
-0.5876877149443981 -0.5180983534155763
-0.5823172658027749 -0.5151475301891740
-0.5769567777835925 -0.5121786499469886
-0.5716060873901074 -0.5091922917152046
-0.5662649214117667 -0.5061889320685267
-0.5609330804844813 -0.5031690502816264
-0.5556103749154225 -0.5001330958837741
-0.5502966310809464 -0.4970814950231295
-0.5449916747172353 -0.4940146433263171
-0.5396953461565641 -0.4909329168058657
-0.5344074931970307 -0.4878366697795791
-0.5291282349296188 -0.4847263925756370
-0.5238571712540263 -0.4816022479139338
-0.5185941731521119 -0.4784645356675729
-0.5133391175034992 -0.4753135394296027
-0.5080918904787926 -0.4721495298134075
-0.5028523787013637 -0.4689727602853537
-0.4976204773509693 -0.4657834730883905
-0.4923960863714970 -0.4625818979356602
-0.4871791277710831 -0.4593682635832593
-0.4819694947081020 -0.4561427673209057
-0.4767671019120763 -0.4529056066615290
-0.4715718680443605 -0.4496569692550930
-0.4663837176535546 -0.4463970347658757
-0.4612025761114872 -0.4431259722973999
-0.4560283742819935 -0.4398439438732441
-0.4508610463437159 -0.4365511035905095
-0.4456878318043689 -0.4332508824333159
-0.4405109792831319 -0.4299563708868401
-0.4353303548046326 -0.4266677936476283
-0.4301458180526411 -0.4233853876835926
-0.4249572201608639 -0.4201094019298754
-0.4197644076417373 -0.4168401009522481
-0.4145672174953559 -0.4135777631321895
-0.4093654786805991 -0.4103226829837322
-0.4041589937844654 -0.4070751612349283
-0.3989475902648412 -0.4038355384423381
-0.3937310679357991 -0.4006041639206546
-0.3885092163193825 -0.3973814085459934
-0.3832818099740287 -0.3941676639821492
-0.3780486172942108 -0.3909633503899764
-0.3728093899340064 -0.3877689124155430
-0.3675638662566455 -0.3845848240601950
-0.3623114022598757 -0.3814113692130482
-0.3570520703863239 -0.3782493094495260
-0.3517855591540623 -0.3750992201508082
-0.3465115397772814 -0.3719617175192917
-0.3412296552437503 -0.3688374564872103
-0.3359395422332271 -0.3657271485349279
-0.3306408057546443 -0.3626315519741333
-0.3253330281756440 -0.3595514832235161
-0.3200156588136508 -0.3564877599190644
-0.3146883286658162 -0.3534413897980716
-0.3093505311519576 -0.3504133937333974
-0.3040017300814422 -0.3474048775584879
-0.2986413305771835 -0.3444170258678135
-0.2932687417560555 -0.3414511482692243
-0.2878833072130456 -0.3385086529740570
-0.2824843323449131 -0.3355910762137300
-0.2769858028147525 -0.3326548379758816
-0.2714716994799679 -0.3297479519449597
-0.2659411230096945 -0.3268725162018594
-0.2603931238909648 -0.3240308419445219
-0.2548266035436958 -0.3212254313793407
-0.2492405462600931 -0.3184591267612450
-0.2436337743516994 -0.3157350215146368
-0.2380050565957770 -0.3130565560861659
-0.2323516978905007 -0.3104269149653475
-0.2266736557845225 -0.3078510044627173
-0.2209694220718310 -0.3053335593058489
-0.2152374617543379 -0.3028799001433877
-0.2094758104406756 -0.3004958441275021
-0.2036831199835781 -0.2981882292949620
-0.1978576214033703 -0.2959645726466138
-0.1919976566026074 -0.2938334004030899
-0.1860200505418142 -0.2917771204324194
-0.1800037081952338 -0.2898370981891048
-0.1739471188563449 -0.2880261281856509
-0.1678494271099460 -0.2863587823489238
-0.1617082264684149 -0.2848510016785512
-0.1555259143742167 -0.2835218045376346
-0.1493037809385609 -0.2823917369310400
-0.1430453996125986 -0.2814836287516772
-0.1367215423128867 -0.2808193160626329
-0.1303747462817267 -0.2804311632128452
-0.1240160100449543 -0.2803467193676376
-0.1176614893114865 -0.2805931408353790
-0.1113250340409424 -0.2811960802773184
-0.1050358716221102 -0.2821762014105474
-0.0988198739867183 -0.2835478766172972
-0.0927050983124843 -0.2853169548885460
-0.0867183027572473 -0.2874799154651179
-0.0808832045757579 -0.2900238786504627
-0.0752190645509663 -0.2929276209161960
-0.0697383656410020 -0.2961643076209249
-0.0644526074719319 -0.2997000420382624
-0.0593579166404951 -0.3035059299272983
-0.0544514013121957 -0.3075505052856158
-0.0497257664882577 -0.3118050155990043
-0.0451964022335910 -0.3162182747954630
-0.0408268276161267 -0.3207897969652650
-0.0366065145442107 -0.3254990119151802
-0.0325244301010824 -0.3303285392697627
-0.0285713351450852 -0.3352615836687341
-0.0247359129023482 -0.3402866630704223
-0.0210089061637267 -0.3453924913387919
-0.0173815723162109 -0.3505696054668054
-0.0138934328207931 -0.3557381609185979
-0.0104875380527590 -0.3609612790894633
-0.0071575349963520 -0.3662330367272372
-0.0038975741347132 -0.3715483922306528
-0.0007025454966255 -0.3769026059328358
0.0024325593801661 -0.3822921262990988
0.0055121097340077 -0.3877135510835053
0.0085401087322348 -0.3931639363122352
0.0115194745756857 -0.3986393376489619
0.0144542594435114 -0.4041387629286554
0.0173474816596327 -0.4096601524660755
0.0202019122632682 -0.4152016958562167
0.0230200436148156 -0.4207616906846015
0.0258042352442480 -0.4263387583529053
0.0285566138117575 -0.4319315871724354
0.0312791401123053 -0.4375390083735113
0.0339320939406763 -0.4430728153599952
0.0365594466686259 -0.4486188230612216
0.0391626632161519 -0.4541761969174067
0.0417431023519208 -0.4597441834868333
0.0443020118786034 -0.4653220705868821
0.0468405693490322 -0.4709092495204736
0.0493598585431324 -0.4765051408145031
0.0518608893468921 -0.4821092163258385
0.0543445526230060 -0.4877208776723160
0.0568117744774115 -0.4933397870556226
0.0592633726606492 -0.4989655294573047
0.0617001124516326 -0.5045977235602433
0.0641227059802769 -0.5102360073190128
0.0665318270350524 -0.5158800607288302
0.0689281038039478 -0.5215295785269343
0.0713121264817082 -0.5271842783046562
0.0736842841038196 -0.5328435013538278
0.0760452645448841 -0.5385073965383564
0.0783955580844959 -0.5441757341693328
0.0807356269951278 -0.5498483004946019
0.0830659056139410 -0.5555248917312053
0.0853868065411932 -0.5612053235277028
0.0876987180526396 -0.5668894195548529
0.0900020074241222 -0.5725770148774684
0.0922970144192671 -0.5782679353972143
0.0945840755120612 -0.5839620538564366
0.0968635021886829 -0.5896592325237260
0.0991355899473535 -0.5953593419926758
0.1014006184699790 -0.6010622584428074
0.1036588545123265 -0.6067678679827717
0.1059105508788542 -0.6124760613773113
0.1081559480312315 -0.6181867355918498
0.1104009211924606 -0.6238879784962229
0.1126578104995234 -0.6295845147951478
0.1149267597790205 -0.6352762585102738
0.1172079201983539 -0.6409631191989907
0.1195014515295395 -0.6466450039190134
0.1218075204180551 -0.6523218116681076
0.1241263029661285 -0.6579934384439202
0.1264579842542122 -0.6636597745758633
0.1288027666829835 -0.6693207232531343
0.1311608478086457 -0.6749761452506308
0.1335324436002912 -0.6806259135380243
0.1359177812461113 -0.6862698937484450
0.1383171014535170 -0.6919079474644052
0.1407306553749804 -0.6975399226623182
0.1431587093087899 -0.7031656622789297
0.1456015438938019 -0.7087849995467637
0.1480595784623146 -0.7143980379957173
0.1505330048753710 -0.7200043109420364
0.1530221545296763 -0.7256036211986297
0.1555273776137527 -0.7311957584153055
0.1580490476534854 -0.7367805049531032
0.1605875555969566 -0.7423576181043367
0.1631433191355638 -0.7479268456908341
0.1657167812688273 -0.7534879171545123
0.1683084431523100 -0.7590406075274702
0.1709187774007081 -0.7645845444686589
0.1735483195919199 -0.7701193979733745
0.1761976404860049 -0.7756448114650681
0.1788673562482736 -0.7811604134996933
0.1815581154772005 -0.7866657802293138
0.1842706203630598 -0.7921604673094490
0.1870056238646260 -0.7976439903294459
0.1898007577698912 -0.8031884676076137
0.1926207367337110 -0.8087203497900264
0.1954665481883527 -0.8142389904402222
0.1983392606168978 -0.8197436757867470
0.2012400535371779 -0.8252336540162175
0.2041701802478907 -0.8307080323357688
0.2071310312060306 -0.8361658600808906
0.2101241272787577 -0.8416060712892138
0.2131514130004609 -0.8470279560265132
0.2162144811478701 -0.8524297063418940
0.2193153939493768 -0.8578098318103757
0.2224564398904899 -0.8631666256887110
0.2256402522566449 -0.8684982597448525
0.2288696582047740 -0.8738024015334624
0.2321479413452321 -0.8790764984845310
0.2354788192451622 -0.8843175376385578
0.2389383129938982 -0.8896308052126196
0.2424623630350840 -0.8949014769552288
0.2460571688908245 -0.9001242204939558
0.2497299803652309 -0.9052924053866672
0.2534901624503331 -0.9103987487416990
0.2573476120411308 -0.9154320175033541
0.2613153998267095 -0.9203790736409838
0.2654094934859534 -0.9252221203524647
0.2697732801970375 -0.9300690627492119
0.2743212074217378 -0.9347436582414497
0.2790933116813268 -0.9391922723527567
0.2841401463631298 -0.9433265928858381
0.2896832985215935 -0.9470914997780376
0.2956814797093095 -0.9500786191593381
0.3022638589324786 -0.9517318630213609
0.3090169943749472 -0.9510565162951536
0.3148773545590687 -0.9476334898539341
0.3192308588534931 -0.9424269620413365
0.3223277046505300 -0.9364846892549200
0.3245992522016441 -0.9301806325069330
0.3262521345894284 -0.9238694419387549
0.3274980182665986 -0.9174654650151028
0.3284297103897913 -0.9110104332688756
0.3291111267393668 -0.9045242050262256
0.3295766466530858 -0.8981996500576782
0.3298788477617306 -0.8918651904256196
0.3300411088867054 -0.8855258384792514
0.3300817267782680 -0.8791845403503597
0.3300153108171415 -0.8728445665229777
0.3298537182173446 -0.8665063043760266
0.3296067114697114 -0.8601708567219343
0.3292824403828553 -0.8538388935529519
0.3288965716886623 -0.8476409629023940
0.3284487220546670 -0.8414472023561980
0.3279436700290258 -0.8352578643186624
0.3273855724713261 -0.8290730838045634
0.3267780875765429 -0.8228930860406670
0.3261244203251800 -0.8167178022914253
0.3254274253394156 -0.8105472682030980
0.3246896470468879 -0.8043814774073879
0.3239134367179125 -0.7982209563566219
0.3231007848027237 -0.7920651364310166
0.3222535482656604 -0.7859139860689565
0.3213734107966400 -0.7797674570840714
0.3204619111060874 -0.7736255350904700
0.3195204453487926 -0.7674881350147698
0.3185502974900609 -0.7613552062716096
0.3175526463451963 -0.7552266914409486
0.3165421766958780 -0.7491828334055360
0.3155069432141978 -0.7431431678102548
0.3144478397860383 -0.7371076439734923
0.3133656956743973 -0.7310762086403972
0.3122612847380293 -0.7250488234745349
0.3111353237944745 -0.7190254268075692
0.3099884841887574 -0.7130059716316421
0.3088213931843976 -0.7069904101213773
0.3076346519912936 -0.7009787657110626
0.3064287982856271 -0.6949709258317043
0.3052043494915897 -0.6889668489808047
0.3039617917552306 -0.6829664936619472
0.3027015840201910 -0.6769698264362570
0.3014241564002309 -0.6709768038243455
0.3001299158445567 -0.6649873901674436
0.2988192463623991 -0.6590015502031633
0.2974925774824304 -0.6530195487135011
0.2961501875982594 -0.6470410554636701
0.2947924017749534 -0.6410660404160114
0.2934195277718177 -0.6350944741111603
0.2920318581326926 -0.6291263319150630
0.2906296689537224 -0.6231615843255529
0.2892132230128790 -0.6172002065098429
0.2877827696993823 -0.6112421742941799
0.2863385506740199 -0.6052874841934152
0.2848807865863416 -0.5993360955610002
0.2834096916323328 -0.5933879883347435
0.2819254694127381 -0.5874431431440243
0.2804283141142047 -0.5815015437496120
0.2789184096251132 -0.5755631714317602
0.2773959314032933 -0.5696280105061081
0.2758610463437157 -0.5636960459914478
0.2743209607151573 -0.5577562021708404
0.2727874294473069 -0.5518146627905935
0.2712607076399458 -0.5458713698676075
0.2697410640230504 -0.5399262631803295
0.2682287813502248 -0.5339792780736907
0.2667241586687353 -0.5280303503276628
0.2652275111048423 -0.5220794109447316
0.2637391716126487 -0.5161263882649658
0.2622594872055003 -0.5101711874675230
0.2607888350903784 -0.5042137496928660
0.2593276093461515 -0.4982539924970410
0.2578762277382318 -0.4922918303106381
0.2564351324262973 -0.4863271697567588
0.2550047945771106 -0.4803599204023018
0.2535857138173224 -0.4743899834594509
0.2521784217992099 -0.4684172565713225
0.2507833875250068 -0.4624412149819389
0.2494013129099797 -0.4564621629280811
0.2480328414273578 -0.4504799819753947
0.2466786607208490 -0.4444945498470055
0.2453395039908682 -0.4385057293892956
0.2440161601675811 -0.4325133949237049
0.2427094725072131 -0.4265174051226038
0.2414203465255750 -0.4205176150812663
0.2401497300109755 -0.4145137537328563
0.2388986954066852 -0.4085057815427598
0.2376683701623754 -0.4024935321916557
0.2364599716801685 -0.3964768374532766
0.2352748104034842 -0.3904554976257157
0.2341143144363295 -0.3844293554368074
0.2329800259075767 -0.3783982217695218
0.2318736205043326 -0.3723619107385362
0.2307802310637240 -0.3662251508838069
0.2297195698010765 -0.3600826497914692
0.2286939100184176 -0.3539342004896959
0.2277057432112533 -0.3477796141374331
0.2267577885991945 -0.3416186191472334
0.2258530631982823 -0.3354511278286555
0.2249948729556995 -0.3292769760541293
0.2241868703994011 -0.3230960560177297
0.2234329169911569 -0.3169067885866827
0.2227376920277611 -0.3107106495206922
0.2221061645640140 -0.3045076675418872
0.2215438691779761 -0.2982980269511858
0.2210569453404398 -0.2920816571002563
0.2206523130112499 -0.2858593888944264
0.2203376679278267 -0.2796318628150571
0.2201216313881506 -0.2734001366648423
0.2200131747811811 -0.2670796700127496
0.2200272560139901 -0.2607582885771222
0.2201765102250571 -0.2544385093124776
0.2204750604782173 -0.2481240216436567
0.2209388112106150 -0.2418174629047175
0.2215851091099424 -0.2355269901963421
0.2224330959217227 -0.2292601795518734
0.2235033799072400 -0.2230274843502030
0.2248257603710799 -0.2168078547466977
0.2264178729074307 -0.2106517471966674
0.2283025195980954 -0.2045781350800433
0.2305005352384954 -0.1986107751498570
0.2330320370863781 -0.1927707666087314
0.2359076457446974 -0.1870922917949763
0.2391330352946480 -0.1816043976882101
0.2427050983124842 -0.1763355756877420
0.2466122176317390 -0.1713101863395307
0.2508348148983027 -0.1665468060481391
0.2553467534279500 -0.1620571944757492
0.2601186545139195 -0.1578449312608046
0.2651147268738162 -0.1539104785331038
0.2703086873989728 -0.1502412236557545
0.2756715037687531 -0.1468246928012236
0.2811780849957532 -0.1436450629978666
0.2867749944410511 -0.1407011537010787
0.2924730432050150 -0.1379581193283321
0.2982559212305712 -0.1353995905301691
0.3041105081571728 -0.1330097035478295
0.3100236856997689 -0.1307744813836832
0.3159880308632544 -0.1286796130001900
0.3219956705293553 -0.1267128066604343
0.3280403064595601 -0.1248628234153512
0.3340337891846547 -0.1231425770894608
0.3400537491208112 -0.1215174109549323
0.3460965161102950 -0.1199794525491518
0.3521591029054873 -0.1185215807105228
0.3582385808832691 -0.1171374709300096
0.3643331200333853 -0.1158212623923734
0.3704408347965695 -0.1145677483532004
0.3765601623340745 -0.1133722118361691
0.3826882531327862 -0.1122306586003998
0.3888254157799096 -0.1111389281986503
0.3949706241117614 -0.1100935135565450
0.4011230126290749 -0.1090912198132649
0.4072817324211866 -0.1081291505182078
0.4134462014980371 -0.1072046356147067
0.4196158295436882 -0.1063152471946304
0.4257901109110852 -0.1054587592614603
0.4318728819237590 -0.1046456906379723
0.4379593453305873 -0.1038607403360633
0.4440491601032241 -0.1031022572408675
0.4501420295586239 -0.1023687162602957
0.4562376619630969 -0.1016587105869543
0.4623358422951560 -0.1009709322038067
0.4684363543495442 -0.1003041713078558
0.4745390079042269 -0.0996573042352483
0.4806435091556601 -0.0990292988149557
0.4867498230210304 -0.0984191698824721
0.4928578074931473 -0.0978260114630620
0.4989673364020697 -0.0972489778997580
0.5050782854823824 -0.0966872800385744
0.5111905586035393 -0.0961401781816797
0.5173040595641662 -0.0956069805554130
0.5234187021578646 -0.0950870385821378
0.5295339801345154 -0.0945797787151020
0.5356502476370500 -0.0940845927481600
0.5417674377230607 -0.0936009434199325
0.5478854899522181 -0.0931283250301235
0.5540043447329756 -0.0926662615271483
0.5601239542371862 -0.0922143035371152
0.5662442707495827 -0.0917720272991049
0.5723652509019573 -0.0913390325452586
0.5784868341096886 -0.0909149423418217
0.5846090033197356 -0.0904993973582385
0.5907317237962667 -0.0900920587922033
0.5968549637804476 -0.0896926056194282
0.6029786919384674 -0.0893007335839819
0.6091028823852816 -0.0889161537916916
0.6152275093528608 -0.0885385920556788
0.6213525491562421 -0.0881677878438710
0.6274684882301630 -0.0877944724364872
0.6335836333478729 -0.0874083696798898
0.6396979471839650 -0.0870093162180816
0.6458113904357014 -0.0865971403340163
0.6519239240819845 -0.0861716613547315
0.6580355035602661 -0.0857326895795527
0.6641460843770115 -0.0852800253868142
0.6702556194222985 -0.0848134588644699
0.6763640791688317 -0.0843327676018537
0.6824713922538941 -0.0838377206889284
0.6885775046025840 -0.0833280734723510
0.6946823586294262 -0.0828035683616656
0.7007858970742479 -0.0822639336571642
0.7068880529644082 -0.0817088835207800
0.7129887592145724 -0.0811381161525758
0.7190879439416217 -0.0805513131151541
0.7251858351891458 -0.0799481075922980
0.7312820484028421 -0.0793281729001013
0.7373764984538564 -0.0786911329274057
0.7434690935014726 -0.0780365896233512
0.7495597419845853 -0.0773641204895734
0.7556483338840698 -0.0766732787115513
0.7617347584379723 -0.0759635891138187
0.7678188952246454 -0.0752345467717499
0.7739006851524863 -0.0744856055391760
0.7799799201500872 -0.0737162008730989
0.7860564518669964 -0.0729257214316068
0.7921301175533217 -0.0721135142014122
0.7982007543503345 -0.0712788783919590
0.8042681595826442 -0.0704210661732258
0.8103321276422652 -0.0695392724125812
0.8163924305043466 -0.0686326313125518
0.8225292856274791 -0.0676876387019114
0.8286618396480399 -0.0667151249378009
0.8347897829017711 -0.0657139511564754
0.8409127667311106 -0.0646828806026284
0.8470304406100961 -0.0636205591650281
0.8531423427328525 -0.0625255189976133
0.8592479986385437 -0.0613961439257093
0.8653468645105109 -0.0602306581182057
0.8714388660553557 -0.0590269928312602
0.8775227760046760 -0.0577830745566335
0.8835978141437015 -0.0564964814319278
0.8896630644440586 -0.0551645095654190
0.8957176018836962 -0.0537840895990622
0.9017600818148145 -0.0523518119815865
0.9077890912904752 -0.0508637650264545
0.9138029136073367 -0.0493154820615213
0.9199251737167612 -0.0476671979647501
0.9260268717745765 -0.0459443543495681
0.9321048521509237 -0.0441394073263787
0.9381550492332820 -0.0422434130024406
0.9441734305217661 -0.0402452142037662
0.9501523710543043 -0.0381319272187659
0.9560834148862921 -0.0358870612086695
0.9619545705372369 -0.0334899304941222
0.9679127709413231 -0.0308375102781748
0.9737639622468727 -0.0279567039044175
0.9794695070010559 -0.0247928604137055
0.9849610371689738 -0.0212706107078278
0.9902546046214162 -0.0171621799386345
0.9949490638962979 -0.0123806412871867
0.9985554592876794 -0.0066313070834770
1.0000000000000000 0.0000000000000000
