1.1238659620285034 1.5011513233184814
1.1368698542158698 1.5265255819409216
1.1476300018589354 1.5529296239678265
1.1554001164515539 1.5804097806299961
1.1592034395215606 1.6087129328322678
1.1579966623935007 1.6376576521693253
1.1511148595462759 1.6657982612265182
1.1388932570857214 1.6920261641738155
1.1223453786395822 1.7157630169274658
1.1038873917298396 1.7356878321892007
1.0833884427432651 1.7535060429416953
1.0614569182290980 1.7694878901287840
1.0384812257315996 1.7839284150945657
1.0148203432393072 1.7970279859095584
0.9905879181608872 1.8090373860057262
0.9659206365958881 1.8201175508591138
0.9409111996184558 1.8304021458952362
0.9188669389998355 1.8387922959808456
0.8966403508707788 1.8466867766364672
0.8742613247101279 1.8541364614621247
0.8517529061320846 1.8611855542417898
0.8291369285498622 1.8678711259186862
0.8064259073031258 1.8742263461805492
0.7836327425659293 1.8802795996289446
0.7607678156060049 1.8860558744808550
0.7378502529598904 1.8915744682863530
0.7148772015526134 1.8968573145142178
0.6918551224511306 1.9019218491713147
0.6687893901390738 1.9067837037923836
0.6456851043253234 1.9114562860408113
0.6225458209144222 1.9159523522171240
0.5993751273194384 1.9202834168045523
0.5761759934697917 1.9244594616749146
0.5548457026653500 1.9281542857161667
0.5334914982728140 1.9317082954600570
0.5121151946155274 1.9351267568180481
0.4907185601066017 1.9384155662980964
0.4693033759944148 1.9415803459449122
0.4478709353889733 1.9446260692524343
0.4264226475009908 1.9475580103632114
0.4049597756380675 1.9503812112768157
0.3834841740059758 1.9530996365621327
0.3619960097659525 1.9557169059571193
0.3404962188307875 1.9582368111582222
0.3189856415968132 1.9606629190576302
0.2974651159007676 1.9629985452802494
0.2759352988470468 1.9652469121807472
0.2543968606958349 1.9674110756788116
0.2328504033294092 1.9694938854629091
0.2112994795617817 1.9714959195509199
0.1897413215430619 1.9734184903734268
0.1681764992290315 1.9752647418572835
0.1466055508339921 1.9770379850204998
0.1250290124068694 1.9787412918559236
0.1034472882383680 1.9803775823519640
0.0818608073243181 1.9819498172283837
0.0602699459867303 1.9834607068538462
0.0386751135187093 1.9849109714178207
0.0170763322259608 1.9863011884136273
-0.0045260961592085 1.9876334900307307
-0.0261319087342398 1.9889097355823073
-0.0477409241707804 1.9901303820134591
-0.0693529683237134 1.9912961750389193
-0.0909678730149067 1.9924076738608275
-0.1125855445861816 1.9934639930725098
-0.1319779611364041 1.9942649178940038
-0.1513800996794891 1.9947790386793864
-0.1707890118541115 1.9949369120045363
-0.1901967970909982 1.9946748662301427
-0.2095947641197997 1.9939474561150876
-0.2289690696958458 1.9927447367912446
-0.2483102146487084 1.9910979751910184
-0.2676143412972041 1.9890626849919408
-0.2868600865577833 1.9866918946082356
-0.3060677908083179 1.9840304184947660
-0.3252409906026027 1.9811329192294878
-0.3443845528559707 1.9780456685763551
-0.3635015091184011 1.9748058970335408
-0.3825973154659283 1.9714437078171158
-0.4016754386384950 1.9679829087843393
-0.4207389583520446 1.9644425514769478
-0.4397470266576379 1.9607988527249154
-0.4587255823967023 1.9570044326948076
-0.4776742834295489 1.9530637309661798
-0.4965933973010874 1.9489833472511390
-0.5154829643554307 1.9447689479663463
-0.5343427175743568 1.9404230748258369
-0.5531726150767833 1.9359496660287073
-0.5719726309558739 1.9313522940441856
-0.5907422965440401 1.9266351802931781
-0.6094821160949468 1.9218008580417155
-0.6281915144395057 1.9168501145418041
-0.6468698722530546 1.9117835183464931
-0.6655171278934613 1.9066037687294734
-0.6841329099859731 1.9013120198599774
-0.7027167517604197 1.8959091930842005
-0.7212689604517680 1.8903987244163481
-0.7399689285077850 1.8847780828923039
-0.7586626739383977 1.8791367800096967
-0.7773498610701109 1.8734737867739616
-0.7960298058171863 1.8677869493813625
-0.8147018153819149 1.8620740339042050
-0.8333648293833012 1.8563317997729175
-0.8520171381172730 1.8505548672990663
-0.8706567027994115 1.8447369468479762
-0.8892825594339466 1.8388726138238482
-0.9078920860593248 1.8329566645367539
-0.9264825359688827 1.8269809880998105
-0.9450505166863798 1.8209358554467187
-0.9635926486132382 1.8148108995608773
-0.9821030170523158 1.8085906100783751
-1.0005743036640406 1.8022549881895821
-1.0189977592976537 1.7957815952363831
-1.0378756400881742 1.7890129622013417
-1.0567144428688171 1.7821363143191103
-1.0755003617566877 1.7751159553961915
-1.0942128261832441 1.7679020893762879
-1.1128291008611879 1.7604167932978999
-1.1312882025154954 1.7525518771265903
-1.1495070320379537 1.7441360105151188
-1.1673333725304276 1.7349178683684135
-1.1848207240855010 1.7243880779880196
-1.2012949877601025 1.7123347553653783
-1.2163713045298915 1.6985604885274400
-1.2298998836326976 1.6832633220667889
-1.2420317145925196 1.6669773549945981
-1.2532055411567449 1.6500197712685246
-1.2637232496828616 1.6326555864009840
-1.2738006114959717 1.6150321960449219
-1.2869123590903984 1.5914759673567911
-1.2999363189308539 1.5678710885165668
-1.3128728790747219 1.5442181964136599
-1.3257202790571775 1.5205167574936605
-1.3384766333460010 1.4967661592712734
-1.3511411268253722 1.4729664513828517
-1.3637108195540229 1.4491165316875894
-1.3761824266864163 1.4252151748160978
-1.3885546722547661 1.4012617328148859
-1.4008257705069475 1.3772563169302509
-1.4129918901318641 1.3531975165526104
-1.4250488638174526 1.3290838331366749
-1.4369925646294038 1.3049137364440581
-1.4488185087788540 1.2806858061116931
-1.4605219158607334 1.2563984328916494
-1.4720980822051126 1.2320501555804894
-1.4835483398597485 1.2076339237229539
-1.4948673477362873 1.1831565701247943
-1.5060500969818575 1.1586166494939552
-1.5170911332376477 1.1340126436482497
-1.5279847972530061 1.1093428559050985
-1.5387250657219291 1.0846059002276691
-1.5493055457205535 1.0598001556336596
-1.5597193099347854 1.0349239614561953
-1.5699634488811678 1.0099752634934077
-1.5800308430576501 0.9849547221865829
-1.5899094243676656 0.9598589836433400
-1.5995868312860602 0.9346849840194184
-1.6090549208414404 0.9094311090993747
-1.6183023588322443 0.8840956041919892
-1.6273182727661437 0.8586767552054698
-1.6360990769843670 0.8331757343407241
-1.6483266266156755 0.7967220132531887
-1.6602840777538340 0.7601788043985671
-1.6719426552900960 0.7235390108270895
-1.6832685034549791 0.6867950036085574
-1.6942227294216017 0.6499363631567860
-1.7047610037902526 0.6129566495855343
-1.7148295265495647 0.5758458855577506
-1.7243633819815000 0.5385941801218436
-1.7333031971791706 0.5011073309730788
-1.7415297869536993 0.4634575318294928
-1.7489213696649426 0.4256333546096602
-1.7553221666585487 0.3876289644003554
-1.7605354884464233 0.3494039723153474
-1.7642862129500091 0.3110078682205169
-1.7662117757273009 0.2724665177332829
-1.7658081026833063 0.2338792071576202
-1.7606614367677717 0.1837252939026694
-1.7482319742939119 0.1348641472988272
-1.7252664445335793 0.0894879884687780
-1.6898763411448304 0.0529646818074660
-1.6452983907037776 0.0297147745329845
-1.5962892950640440 0.0184960224467503
-1.5463976183658452 0.0160165878290634
-1.4965608719697508 0.0194262371412863
-1.4538656805721590 0.0256826868642175
-1.4115588303163760 0.0341769763016755
-1.3696451487605965 0.0443983882946582
-1.3280894278598436 0.0559895929390556
-1.2868905995726198 0.0686791746247306
-1.2459844368781075 0.0822826590756962
-1.2053421603186390 0.0966515376693993
-1.1649366617202759 0.1116733551025391
-1.1255381698963307 0.1267279355831700
-1.0861918830714510 0.1419184347370348
-1.0468970866691256 0.1572416305443805
-1.0076544187567933 0.1726978386554556
-0.9684646350739634 0.1882876912550257
-0.9293282639592132 0.2040111484178722
-0.8902470771617405 0.2198712881157184
-0.8512230184239331 0.2358714766259299
-0.8122565506928187 0.2520119754823129
-0.7733481205272935 0.2682918825099137
-0.7344990634604299 0.2847129792177293
-0.6957107970718465 0.3012771587217115
-0.6569847459949962 0.3179863829072709
-0.6183225168530593 0.3348427538887857
-0.5797257934421020 0.3518485942309895
-0.5411963064428253 0.3690062250516778
-0.5027319961908477 0.3863180975489819
-0.4643373425357567 0.4037839116791307
-0.4260143306894412 0.4214063817273144
-0.3877651278137201 0.4391884841604886
-0.3495919466841885 0.4571333797927140
-0.3114972551145590 0.4752443022157792
-0.2734836364551946 0.4935248018568847
-0.2355538456771604 0.5119786047777622
-0.1977099611601749 0.5306098613162593
-0.1599557460100233 0.5494221592602717
-0.1222944433718496 0.5684198099461483
-0.0847295269460544 0.5876073450121676
-0.0472645539766760 0.6069896132321897
-0.0099035618854001 0.6265715638731433
0.0273492939612091 0.6463584998502757
0.0644895428322248 0.6663560001413219
0.1017436611571226 0.6866978177891644
0.1388732527531710 0.7072660531362771
0.1758729635484813 0.7280670753156405
0.2127370171271314 0.7491075761745408
0.2494594253813551 0.7703949210568319
0.2860331351976106 0.7919367424840883
0.3224508310626880 0.8137413571762039
0.3587044437417073 0.8358177101746623
0.3947885747315853 0.8581778226459073
0.4306899210574153 0.8808302501320337
0.4663978311472004 0.9037865159003415
0.5019003913681515 0.9270591006034442
0.5371850363184425 0.9506622805674074
0.5722364243875929 0.9746104844270948
0.6070382791990991 0.9989201079492147
0.6415719535235645 1.0236092195525132
0.6759677711834706 1.0488182894804085
0.7100404877365135 1.0744623817010159
0.7437638727987433 1.1005645623036268
0.7771075200783419 1.1271501169971150
0.8100389355695757 1.1542501089411349
0.8425139825046706 1.1818953439046074
0.8744843650938471 1.2101235714754849
0.9058918025979370 1.2389768392993946
0.9367301619382657 1.2685846837141644
0.9668335329388529 1.2989395171364294
0.9961051757527700 1.3300995112033482
1.0244187865104965 1.3621325215073441
1.0516206558026270 1.3951626794713315
1.0774750085276725 1.4292579206829881
1.1017026964495634 1.4645385628255732
1.1238659620285034 1.5011513233184814
