1.1238659620285034 1.5011513233184814
1.1370353058144115 1.5266735976230249
1.1481218673601797 1.5531671110653694
1.1564440039242208 1.5806952646025844
1.1610904481589601 1.6090760283367140
1.1610208890382455 1.6382837719682466
1.1553811917004236 1.6669419460282660
1.1442367068227702 1.6939224572076282
1.1284423723781367 1.7184721318722545
1.1102798708757670 1.7392031352323809
1.0898270567677032 1.7576783444653543
1.0677745718108484 1.7741643101391809
1.0445665725151204 1.7889794350343813
1.0206165465947888 1.8023389253208957
0.9960482055894626 1.8145240122120932
0.9710146457365534 1.8257121161966617
0.9456183288141461 1.8360503886082087
0.9233730569192950 1.8443969835996095
0.9009395978292221 1.8522237123466884
0.8783495838809765 1.8595844714274144
0.8556274610252926 1.8665267071881495
0.8327964164477345 1.8730901254314155
0.8098693808668997 1.8793099401403614
0.7868598811003386 1.8852165434574694
0.7637787277793179 1.8908366327472029
0.7406461989308197 1.8961905262064408
0.7174586980771755 1.9013010907801177
0.6942228490650922 1.9061866976953579
0.6709441383614811 1.9108638188419780
0.6476277844050543 1.9153465778964068
0.6242773405079651 1.9196482357594097
0.6008964170082345 1.9237807782718607
0.5774879873204711 1.9277545561809166
0.5560943302907300 1.9312443386028453
0.5346792443241227 1.9346001150407827
0.5132443690882682 1.9378269610522171
0.4917913179102486 1.9409306695938543
0.4703217164875973 1.9439167615505041
0.4488367510331822 1.9467902245907515
0.4273377184771265 1.9495563692089777
0.4058257737950626 1.9522202372408275
0.3843026280478542 1.9547858107053447
0.3627684098587226 1.9572567249167823
0.3412239745020188 1.9596368352325840
0.3196700907517709 1.9619298060643588
0.2981075245287653 1.9641390531352173
0.2765368628507166 1.9662678061769674
0.2549587067217666 1.9683191419002787
0.2333735930944464 1.9702959246072939
0.2117848525089077 1.9722003582976896
0.1901900618975957 1.9740349171559414
0.1685896355254987 1.9758018406030700
0.1469839500460555 1.9775032496919633
0.1253733852721474 1.9791411712228145
0.1037582405597056 1.9807175010895317
0.0821388209671931 1.9822340387676058
0.0605154066108838 1.9836925111264415
0.0388884526423717 1.9850950465903753
0.0172580571422663 1.9864434657361721
-0.0043755797722288 1.9877388204171894
-0.0260122741575155 1.9889820605289693
-0.0476517949715995 1.9901748335059651
-0.0692939679648299 1.9913184753069291
-0.0909386177742909 1.9924142065059436
-0.1125855445861816 1.9934639930725098
-0.1327077700080380 1.9944089678654972
-0.1528309362235146 1.9953336920144671
-0.1729550273430809 1.9962380720447329
-0.1930800743629396 1.9971209248502640
-0.2132061090042971 1.9979811571332049
-0.2333331576029449 1.9988173297669414
-0.2534613031360013 1.9996267136374123
-0.2735906183765361 2.0004064653907626
-0.2937212516481426 2.0011548860519989
-0.3138530751945771 2.0018705745996942
-0.3339861205090366 2.0025510934475729
-0.3541204092302196 2.0031937731721998
-0.3742559866154190 2.0037956826879811
-0.3943928304492369 2.0043536182693622
-0.4145309394373304 2.0048640262720929
-0.4346702866070589 2.0053229876242022
-0.4548169628692485 2.0057263326271942
-0.4749647598199876 2.0060691585840668
-0.4951135790695046 2.0063461219986641
-0.5152632576768081 2.0065512509949295
-0.5354137113538082 2.0066778491212005
-0.5555645219041204 2.0067184032816773
-0.5757153222946576 2.0066644511824884
-0.5958655753100874 2.0065064302267692
-0.6160174610024621 2.0062332162842988
-0.6361672129054201 2.0058324157526889
-0.6563137089232560 2.0052902457715081
-0.6764553631621130 2.0045909499775087
-0.6965909593785752 2.0037159826614548
-0.7167170613454896 2.0026446179178071
-0.7368303718656581 2.0013529464675835
-0.7569261667647444 1.9998125885254483
-0.7782374008945098 1.9978554274439202
-0.7995095248654943 1.9955110892866159
-0.8207292423686570 1.9927275457265725
-0.8418777107582266 1.9894462638977646
-0.8629398132933992 1.9855999331788030
-0.8838757606858755 1.9811174639952818
-0.9046477055307522 1.9759217161493037
-0.9252053995015998 1.9699341701646315
-0.9455880521401107 1.9630419740527536
-0.9656257414114151 1.9552032302443724
-0.9852451687233010 1.9463655928236813
-1.0043692562816818 1.9365017680946344
-1.0229316075056400 1.9256106851302424
-1.0408732203572158 1.9137247649141623
-1.0581566962159355 1.9009024802838329
-1.0747691431294786 1.8872219785223900
-1.0904880700652583 1.8729877314098065
-1.1055838997685866 1.8580942972711472
-1.1200907639623312 1.8426288883383162
-1.1340525841341845 1.8266697041585322
-1.1475087802901350 1.8102960659744923
-1.1605131698908904 1.7935613388036947
-1.1731101313547243 1.7765187776488635
-1.1853420702751464 1.7592123626797099
-1.1972264404068045 1.7417135322509935
-1.2088217816146918 1.7240218567488856
-1.2201580214155481 1.7061633683245892
-1.2312617715285331 1.6881594055649179
-1.2421595581056252 1.6700318022118918
-1.2528711826893734 1.6517935771233221
-1.2634118990983541 1.6334561569542879
-1.2738006114959717 1.6150321960449219
-1.2869911752457066 1.5913511429891484
-1.3001102782630177 1.5676304266869927
-1.3131547533084740 1.5438685767340789
-1.3261156825807741 1.5200610536626891
-1.3389873257366751 1.4962051355222489
-1.3517759620491144 1.4723046165085455
-1.3644869301984780 1.4483627119154127
-1.3771250308844503 1.4243822632563064
-1.3896891472700510 1.4003626308175563
-1.4021728059066164 1.3763010841073117
-1.4145705105070132 1.3521951239479427
-1.4268758945933757 1.3280419064179554
-1.4390832234051454 1.3038388433608307
-1.4511859618972183 1.2795833108154852
-1.4631771369933337 1.2552724141957416
-1.4750511077401748 1.2309040578017473
-1.4868136573180994 1.2064742721976812
-1.4984644476910590 1.1819909905361243
-1.5099981888129709 1.1574523350093871
-1.5214084887863576 1.1328560374456381
-1.5326890891434071 1.1081998041160948
-1.5438333541945744 1.0834816500004316
-1.5548336942221491 1.0586990843684297
-1.5656824357705117 1.0338497816248199
-1.5763793251753083 1.0089327551760162
-1.5869187405631597 0.9839487128035106
-1.5972863811898210 0.9588928446817911
-1.6074673513176918 0.9337605477960706
-1.6174549381814209 0.9085504589237657
-1.6272398311166273 0.8832610077127055
-1.6368144796841277 0.8578912111084571
-1.6461851429807019 0.8324453638182938
-1.6599173004985941 0.7943863313725195
-1.6734108257927761 0.7562420411583868
-1.6866384544801401 0.7180046174590748
-1.6995687264888455 0.6796656190679800
-1.7121650432050895 0.6412137784219314
-1.7243837812351260 0.6026402942023489
-1.7361720696470297 0.5639327391879840
-1.7474654521303322 0.5250779058855731
-1.7582071729551453 0.4859783824895773
-1.7682738227966800 0.4466996368751845
-1.7775390993375054 0.4072226190794724
-1.7858380287997516 0.3675312087593338
-1.7929589429488843 0.3275678476704496
-1.7985926777221093 0.2873678640840746
-1.8023187466584513 0.2469336859709197
-1.8035231195380650 0.2063460544143536
-1.7996031051540899 0.1522062804805312
-1.7861211662254801 0.0996256856084568
-1.7577811348978651 0.0523795169820213
-1.7136998051528846 0.0193311555484786
-1.6634056715387209 0.0034782539216052
-1.6108705996925454 -0.0010912747310958
-1.5584645472339482 0.0015199316228000
-1.5065000181702419 0.0087932013210239
-1.4626997071674920 0.0175371124746181
-1.4192795626647071 0.0280067962118110
-1.3762110679535455 0.0398203490247104
-1.3334519218960708 0.0527087428417871
-1.2909849274131313 0.0664663338080625
-1.2487604810299225 0.0809512589801469
-1.2067522879768390 0.0960496022393616
-1.1649366617202759 0.1116733551025391
-1.1255519747949134 0.1267364251615207
-1.0862254481624705 0.1419506930321208
-1.0469544783507620 0.1573077685859070
-1.0077390274614954 0.1728060669140571
-0.9685792455518494 0.1884444836814103
-0.9294752182599837 0.2042217980205965
-0.8904293231454141 0.2201424600084619
-0.8514441452886056 0.2362112281909591
-0.8125195194350578 0.2524264736593538
-0.7736546887033870 0.2687845180301691
-0.7348509460399562 0.2852869597703501
-0.6961097852240654 0.3019357881590118
-0.6574326135355658 0.3187328389229391
-0.6188209798915316 0.3356800000871725
-0.5802766150173027 0.3527796172886761
-0.5418011634051897 0.3700337354996885
-0.5033922711190790 0.3874428945476556
-0.4650532108104509 0.4050053055454327
-0.4267858506210465 0.4227234188848391
-0.3885923724838200 0.4406002369449657
-0.3504749870485101 0.4586389091603526
-0.3124361509757074 0.4768426372934738
-0.2744785538685361 0.4952151837235127
-0.2366050460283671 0.5137604538578335
-0.1988176099277339 0.5324823724847168
-0.1611198849218433 0.5513842796242445
-0.1235151758588297 0.5704705986737851
-0.0860070180739149 0.5897459668455398
-0.0485989488856160 0.6092151724678498
-0.0112949601185683 0.6288830658483907
0.0259008599356026 0.6487548067448577
0.0629842426157646 0.6688355897165258
0.1001687252502659 0.6892503515324194
0.1372309980467338 0.7098861501347365
0.1741661039624266 0.7307487534269928
0.2109686365529478 0.7518443420667327
0.2476329789176283 0.7731797356615337
0.2841525705577886 0.7947619609248265
0.3205205456314824 0.8165987776536095
0.3567293224035665 0.8386985663511662
0.3927736317786105 0.8610726857252648
0.4286410676739261 0.8837292631010671
0.4643217270100456 0.9066789743046197
0.4998045222861715 0.9299334348311340
0.5350775718508665 0.9535062096475405
0.5701264346213068 0.9774110408880507
0.6049357226563847 1.0016636086805746
0.6394875041178640 1.0262816503548866
0.6739089200388651 1.0514026238299918
0.7080191745125572 1.0769445055555708
0.7417931727317361 1.1029297665131516
0.7752020027733624 1.1293828725310165
0.8082143174272521 1.1563343766192823
0.8407876242514562 1.1838148455738597
0.8728754173403594 1.2118615590688020
0.9044207015311868 1.2405170934121637
0.9354211381132352 1.2699140842216529
0.9657079582789759 1.3000457728762717
0.9951824114023737 1.3309749870993253
1.0237145592768034 1.3627755565447077
1.0511492641724415 1.3955814828976697
1.0772275634123397 1.4294756438305065
1.1016355557826850 1.4646050206033564
1.1238659620285034 1.5011513233184814
