1.1238659620285034 1.5011513233184814
1.1370354497912648 1.5266735484809503
1.1481220307507307 1.5531670780269825
1.1564441276840466 1.5806952632857218
1.1610905495338503 1.6090760498322683
1.1610210822061978 1.6382838108287204
1.1553814497204897 1.6669420151262967
1.1442370128352695 1.6939225637926382
1.1284427139674852 1.7184722807584319
1.1102802350645802 1.7392033349626499
1.0898273973244583 1.7576785528691575
1.0677748880871302 1.7741645220387282
1.0445668654488485 1.7889796503994102
1.0206168203124380 1.8023391470646252
0.9960484597283596 1.8145242392429672
0.9710148811818464 1.8257123499446595
0.9456185487783131 1.8360506368611180
0.9233732781980921 1.8443972574644737
0.9009398124060835 1.8522239905787676
0.8783497899929686 1.8595847483529248
0.8556276581695948 1.8665269809214919
0.8327966055816476 1.8730903982509897
0.8098695612048829 1.8793102089764559
0.7868600531176431 1.8852168097347451
0.7637788923788238 1.8908368999371671
0.7406463562100680 1.8961907941758412
0.7174588471637765 1.9013013555291419
0.6942229898270663 1.9061869582790166
0.6709442714947231 1.9108640784618816
0.6476279100094222 1.9153468369375194
0.6242774585156970 1.9196484937698704
0.6008965275177115 1.9237810356712089
0.5774880909242847 1.9277548163836277
0.5560944325925306 1.9312446066437463
0.5346793437990177 1.9346003814933767
0.5132444650655338 1.9378272213050500
0.4917914100542050 1.9409309210602240
0.4703218046943536 1.9439170029358338
0.4488368347463264 1.9467904513185216
0.4273377976995970 1.9495565806467869
0.4058258488168132 1.9522204351213837
0.3843026990858033 1.9547859956673026
0.3627684767798680 1.9572568952882511
0.3412240373209010 1.9596369905472504
0.3196701496088866 1.9619299470537887
0.2981075796158759 1.9641391810184331
0.2765369143521446 1.9662679223117986
0.2549587548716211 1.9683192482832596
0.2333736381581152 1.9702960237567080
0.2117848947736234 1.9722004535148064
0.1901901016493285 1.9740350116479482
0.1685896729385380 1.9758019364920042
0.1469839851573462 1.9775033474935401
0.1253734180371126 1.9791412706547436
0.1037582708343518 1.9807176002342144
0.0821388484972067 1.9822341340125281
0.0605154310505248 1.9836925971828380
0.0388884740185449 1.9850951233370176
0.0172580756933120 1.9864435366149212
-0.0043755640550985 1.9877388851327251
-0.0260122616166072 1.9889821128586026
-0.0476517857080485 1.9901748709083169
-0.0692939619175449 1.9913184982892127
-0.0909386147649821 1.9924142179571476
-0.1125855445861816 1.9934639930725098
-0.1327078492495462 1.9944089531776785
-0.1528310946992901 1.9953336623941274
-0.1729552648880991 1.9962380306935006
-0.1930803905766246 1.9971208805279075
-0.2132065029269914 1.9979811319377642
-0.2333336282072764 1.9988173488829761
-0.2534618503180976 1.9996267813263068
-0.2735912427458619 2.0004065676508415
-0.2937219532603231 2.0011550222518607
-0.3138538534519182 2.0018707629748042
-0.3339869750485033 2.0025513473946496
-0.3541213398929952 2.0031941013789289
-0.3742569934433381 2.0037960897089507
-0.3943939135692797 2.0043541055603081
-0.4145320991134597 2.0048645908655032
-0.4346715231494972 2.0053236243668045
-0.4548182689232238 2.0057270472366839
-0.4749661352933781 2.0060699699882114
-0.4951150239519832 2.0063470529825406
-0.5152647721162479 2.0065523286004757
-0.5354152955603610 2.0066791051401949
-0.5555661765606145 2.0067198761641019
-0.5757170485108812 2.0066661866419489
-0.5958673748697733 2.0065084826439858
-0.6160193321135511 2.0062356448340887
-0.6361691593165166 2.0058352888472633
-0.6563157359756202 2.0052936493763050
-0.6764574787434767 2.0045949916123488
-0.6965931728200766 2.0037207814519988
-0.7167193877728426 2.0026503184559357
-0.7368328320094556 2.0013597209105553
-0.7569287892526233 1.9998206356093923
-0.7782405810042235 1.9978648830160893
-0.7995132867226487 1.9955219303304676
-0.8207336115111716 1.9927397354513850
-0.8418827113646046 1.9894597403500000
-0.8629454717247802 1.9856146006872853
-0.8838820853430426 1.9811331742162212
-0.9046546907090640 1.9759382766196704
-0.9252130115421219 1.9699513292125046
-0.9455962782355767 1.9630593861199240
-0.9656344505388015 1.9552205028171734
-0.9852541987991536 1.9463823588266349
-1.0043784221382548 1.9365177051239821
-1.0229407013944098 1.9256255323252139
-1.0408820654569794 1.9137383503616010
-1.0581653112143557 1.9009149233462030
-1.0747770015708282 1.8872327229445941
-1.0904950601149254 1.8729972151045781
-1.1055900012663173 1.8581025919305988
-1.1200959722477822 1.8426360673930585
-1.1340569014395985 1.8266758345787626
-1.1475122531960674 1.8103012424336325
-1.1605159067976745 1.7935656889077083
-1.1731122305518659 1.7765224053219643
-1.1853435392541130 1.7592152976798760
-1.1972274156680780 1.7417158787175286
-1.2088223433037993 1.7240236816870706
-1.2201582635137736 1.7061647422448926
-1.2312617991801715 1.6881604010819587
-1.2421553148983143 1.6700300126081989
-1.2528713095783581 1.6517941378299454
-1.2634048374594277 1.6334523799341144
-1.2738006114959717 1.6150321960449219
-1.2869923658435489 1.5913517976741550
-1.3001148110802253 1.5676329216304747
-1.3131626365573438 1.5438729029385436
-1.3261289251453845 1.5200682899785752
-1.3389961791378228 1.4962099919517402
-1.3517822666494184 1.4723080971275006
-1.3644889104959849 1.4483638851772651
-1.3771249240697229 1.4243823246624530
-1.3896868985457482 1.4003615909023954
-1.4021727356449261 1.3763011934609426
-1.4145680879997899 1.3521940435280325
-1.4268757283853412 1.3280419954569273
-1.4390475095767702 1.3038211136403466
-1.4511857581782631 1.2795834096601188
-1.4631768730116045 1.2552724975183572
-1.4750507420564082 1.2309041057368366
-1.4868131848466386 1.2064742843250304
-1.4984638955596114 1.1819909803304954
-1.5099412149222795 1.1574259935895364
-1.5214078377691473 1.1328560120302462
-1.5326842899930283 1.1081979099633439
-1.5438326698443336 1.0834816400386515
-1.5548286034443335 1.0586971497919685
-1.5656817275563486 1.0338497915916944
-1.5763786673904895 1.0089328010242454
-1.5869180329330610 0.9839487518185297
-1.5972856624642160 0.9588928934899803
-1.6074666422128425 0.9337606148421204
-1.6174478690879937 0.9085480497616960
-1.6272390875729822 0.8832610893186713
-1.6367254130681353 0.8578583776173090
-1.6461842744863420 0.8324454267092842
-1.6599166902490322 0.7943865402857191
-1.6734098429231000 0.7562421709843989
-1.6866308756239431 0.7180025475601336
-1.6995676023496376 0.6796658079109266
-1.7121638847542895 0.6412140095146263
-1.7243825747026876 0.6026405633855547
-1.7361708384214064 0.5639330539839651
-1.7474641845899575 0.5250782630580898
-1.7582059021364477 0.4859787947862229
-1.7682725082560510 0.4467000937356016
-1.7775375181618789 0.4072230726583427
-1.7858367455576314 0.3675317836099503
-1.7929575894581694 0.3275684730648863
-1.7985912476427441 0.2873685414351381
-1.8023174859600146 0.2469344445276283
-1.8035222346239142 0.2063468894721704
-1.7995947076922831 0.1522100277180483
-1.7861117651315288 0.0996321280996057
-1.7577626633707273 0.0523971368493503
-1.7136942796563994 0.0193397091535549
-1.6634016407770988 0.0034867974289870
-1.6108685125706418 -0.0010886562572216
-1.5584634365567290 0.0015204909088486
-1.5064998919043806 0.0087930192258503
-1.4626996055824109 0.0175370026314644
-1.4192794790014936 0.0280067177842899
-1.3762110005554629 0.0398202934038850
-1.3334518713067999 0.0527087095390134
-1.2909848923078897 0.0664663180888479
-1.2487604598861462 0.0809512552639266
-1.2067522780963807 0.0960496023658274
-1.1649366617202759 0.1116733551025391
-1.1255519877753617 0.1267364547478460
-1.0862254520353242 0.1419506947669595
-1.0469544699155249 0.1573077347415536
-1.0077390069478116 0.1728059984398774
-0.9685792179803149 0.1884443936971776
-0.9294751825866554 0.2042216841532052
-0.8904292791982878 0.2201423221059941
-0.8514440958916499 0.2362110733575808
-0.8125194660571328 0.2524263064367001
-0.7736546310667019 0.2687843378809454
-0.7348508875212019 0.2852867748043550
-0.6961097322851826 0.3019356134585885
-0.6574325740104846 0.3187326926233466
-0.6188209630551349 0.3356799030163853
-0.5802766324978292 0.3527795951483713
-0.5418012276245751 0.3700338151817062
-0.5033923857520892 0.3874430790719305
-0.4650533676313338 0.4050055758398015
-0.4267860414386599 0.4227237563402519
-0.3885925902154886 0.4406006256927497
-0.3504752252464750 0.4586393350937099
-0.3124364033904373 0.4768430869278210
-0.2744788164530778 0.4952156484419194
-0.2366053167910352 0.5137609294062452
-0.1988178860096617 0.5324828537054769
-0.1611201629493807 0.5513847597097298
-0.1235154541569916 0.5704710743462737
-0.0860072967748518 0.5897464384041110
-0.0485992293257852 0.6092156426686183
-0.0112952448328641 0.6288835395037891
0.0259005669443881 0.6487552913029866
0.0629839365364947 0.6688360939023079
0.1001684012679030 0.6892508774602304
0.1372306572951324 0.7098866954292442
0.1741657478174025 0.7307493153375456
0.2109682664581909 0.7518449177944786
0.2476325962558342 0.7731803225721198
0.2841521769786704 0.7947625560145695
0.3205201427987397 0.8165993779797092
0.3567289120460043 0.8386991689521433
0.3927732151560581 0.8610732883771989
0.4286406459760552 0.8837298638710550
0.4643213018495348 0.9066795706598604
0.4998040959596196 0.9299340232957568
0.5350771462193460 0.9535067874855929
0.5701260120105163 0.9774116048437605
0.6049353059106689 1.0016641548847872
0.6394870974354670 1.0262821732401829
0.6739085248433855 1.0514031217030327
0.7080187911917415 1.0769449784506532
0.7417928032799569 1.1029302123913967
0.7752016505179624 1.1293832878594343
0.8082139838617655 1.1563347602844006
0.8407873105215580 1.1838151971257346
0.8728751274302955 1.2118618748480022
0.9044204452473945 1.2405173638342963
0.9354209022162450 1.2699143225204673
0.9657077194396679 1.3000460037671050
0.9951821600871596 1.3309752191865524
1.0237143177563127 1.3627757694441766
1.0511489582402344 1.3955817297307477
1.0772271894847673 1.4294759236872763
1.1016353473241333 1.4646051660718788
1.1238659620285034 1.5011513233184814
